meeting_key,session_key,stint_number,driver_number,lap_start,lap_end,compound,tyre_age_at_start,source_closure_retrieved_utc
1304,11465,2,81,3,4,MEDIUM,2.0,2026-07-26T07:25:31.640358Z
1304,11465,3,81,5,5,MEDIUM,4.0,2026-07-26T07:25:31.640358Z
1304,11465,1,5,1,2,MEDIUM,0.0,2026-07-26T07:25:31.640358Z
1304,11465,4,81,6,6,MEDIUM,5.0,2026-07-26T07:25:31.640358Z
1304,11465,2,18,2,3,MEDIUM,1.0,2026-07-26T07:25:31.640358Z
1304,11465,2,55,4,5,HARD,3.0,2026-07-26T07:25:31.640358Z
1304,11465,3,55,6,6,HARD,5.0,2026-07-26T07:25:31.640358Z
1304,11465,4,55,7,7,HARD,6.0,2026-07-26T07:25:31.640358Z
1304,11465,2,5,3,4,MEDIUM,0.0,2026-07-26T07:25:31.640358Z
1304,11465,2,31,2,6,SOFT,0.0,2026-07-26T07:25:31.640358Z
1304,11465,3,5,5,6,MEDIUM,0.0,2026-07-26T07:25:31.640358Z
1304,11465,5,55,8,8,HARD,7.0,2026-07-26T07:25:31.640358Z
1304,11465,1,55,1,8,,,2026-07-26T07:25:31.640358Z
1304,11465,1,31,1,8,,,2026-07-26T07:25:31.640358Z
1304,11465,1,41,1,16,,,2026-07-26T07:25:31.640358Z
1304,11465,4,5,2,8,,6.0,2026-07-26T07:25:31.640358Z
1304,11465,5,81,7,7,MEDIUM,6.0,2026-07-26T07:25:31.640358Z
1304,11465,1,81,1,7,,,2026-07-26T07:25:31.640358Z
1304,11465,2,77,2,8,MEDIUM,0.0,2026-07-26T07:25:31.640358Z
1304,11465,1,77,1,8,,,2026-07-26T07:25:31.640358Z
1304,11465,1,3,1,11,,,2026-07-26T07:25:31.640358Z
1304,11465,1,44,1,10,,,2026-07-26T07:25:31.640358Z
1304,11465,2,44,4,10,MEDIUM,3.0,2026-07-26T07:25:31.640358Z
1304,11465,2,3,5,11,MEDIUM,0.0,2026-07-26T07:25:31.640358Z
1304,11465,3,31,9,11,,7.0,2026-07-26T07:25:31.640358Z
1304,11465,3,44,12,11,MEDIUM,10.0,2026-07-26T07:25:31.640358Z
1304,11465,6,55,9,10,SOFT,0.0,2026-07-26T07:25:31.640358Z
1304,11465,5,5,9,10,MEDIUM,6.0,2026-07-26T07:25:31.640358Z
1304,11465,1,18,1,5,,,2026-07-26T07:25:31.640358Z
1304,11465,3,18,4,5,MEDIUM,3.0,2026-07-26T07:25:31.640358Z
1304,11465,2,41,17,22,,16.0,2026-07-26T07:25:31.640358Z
1304,11465,6,5,11,12,MEDIUM,8.0,2026-07-26T07:25:31.640358Z
1304,11465,4,31,12,16,SOFT,10.0,2026-07-26T07:25:31.640358Z
1304,11465,3,77,9,13,MEDIUM,0.0,2026-07-26T07:25:31.640358Z
1304,11465,7,55,11,17,SOFT,2.0,2026-07-26T07:25:31.640358Z
1304,11465,1,63,1,9,,,2026-07-26T07:25:31.640358Z
1304,11465,3,3,13,16,MEDIUM,11.0,2026-07-26T07:25:31.640358Z
1304,11465,4,44,12,17,MEDIUM,11.0,2026-07-26T07:25:31.640358Z
1304,11465,1,43,1,16,HARD,0.0,2026-07-26T07:25:31.640358Z
1304,11465,7,5,13,17,MEDIUM,9.0,2026-07-26T07:25:31.640358Z
1304,11465,3,41,23,27,SOFT,0.0,2026-07-26T07:25:31.640358Z
1304,11465,6,81,8,11,MEDIUM,7.0,2026-07-26T07:25:31.640358Z
1304,11465,5,31,17,19,SOFT,15.0,2026-07-26T07:25:31.640358Z
1304,11465,4,18,7,13,MEDIUM,5.0,2026-07-26T07:25:31.640358Z
1304,11465,8,55,18,26,SOFT,9.0,2026-07-26T07:25:31.640358Z
1304,11465,4,77,14,15,MEDIUM,5.0,2026-07-26T07:25:31.640358Z
1304,11465,4,3,17,22,MEDIUM,16.0,2026-07-26T07:25:31.640358Z
1304,11465,6,31,20,25,SOFT,0.0,2026-07-26T07:25:31.640358Z
1304,11465,5,44,18,20,MEDIUM,17.0,2026-07-26T07:25:31.640358Z
1304,11465,9,55,27,32,SOFT,0.0,2026-07-26T07:25:31.640358Z
1304,11465,5,77,16,19,MEDIUM,8.0,2026-07-26T07:25:31.640358Z
1304,11465,6,44,21,24,SOFT,0.0,2026-07-26T07:25:31.640358Z
1304,11465,4,41,28,37,SOFT,0.0,2026-07-26T07:25:31.640358Z
1304,11465,8,5,18,18,MEDIUM,11.0,2026-07-26T07:25:31.640358Z
1304,11465,6,77,20,20,MEDIUM,9.0,2026-07-26T07:25:31.640358Z
1304,11465,5,18,14,20,MEDIUM,0.0,2026-07-26T07:25:31.640358Z
1304,11465,7,44,25,30,SOFT,3.0,2026-07-26T07:25:31.640358Z
1304,11465,7,31,26,28,SOFT,0.0,2026-07-26T07:25:31.640358Z
1304,11465,8,31,29,31,SOFT,0.0,2026-07-26T07:25:31.640358Z
1304,11465,2,63,31,31,HARD,9.0,2026-07-26T07:25:31.640358Z
1304,11465,3,63,10,18,HARD,0.0,2026-07-26T07:25:31.640358Z
1304,11465,4,63,19,21,SOFT,0.0,2026-07-26T07:25:31.640358Z
1304,11465,2,43,17,17,MEDIUM,0.0,2026-07-26T07:25:31.640358Z
1304,11465,7,81,12,25,MEDIUM,11.0,2026-07-26T07:25:31.640358Z
1304,11465,6,18,21,22,MEDIUM,0.0,2026-07-26T07:25:31.640358Z
1304,11465,5,41,38,39,SOFT,0.0,2026-07-26T07:25:31.640358Z
1304,11465,9,31,32,34,SOFT,0.0,2026-07-26T07:25:31.640358Z
1304,11465,10,55,33,43,SOFT,1.0,2026-07-26T07:25:31.640358Z
1304,11465,6,41,40,42,SOFT,0.0,2026-07-26T07:25:31.640358Z
1304,11465,7,77,21,25,MEDIUM,7.0,2026-07-26T07:25:31.640358Z
1304,11465,10,31,35,37,SOFT,0.0,2026-07-26T07:25:31.640358Z
1304,11465,8,77,26,28,HARD,0.0,2026-07-26T07:25:31.640358Z
1304,11465,3,43,18,27,MEDIUM,0.0,2026-07-26T07:25:31.640358Z
1304,11465,4,43,28,28,MEDIUM,0.0,2026-07-26T07:25:31.640358Z
1304,11465,11,55,44,50,SOFT,0.0,2026-07-26T07:25:31.640358Z
1304,11465,8,81,26,31,MEDIUM,0.0,2026-07-26T07:25:31.640358Z
1304,11465,9,5,19,24,MEDIUM,2.0,2026-07-26T07:25:31.640358Z
1304,11465,5,3,23,40,MEDIUM,0.0,2026-07-26T07:25:31.640358Z
1304,11465,7,18,23,29,MEDIUM,2.0,2026-07-26T07:25:31.640358Z
1304,11465,5,63,22,30,SOFT,0.0,2026-07-26T07:25:31.640358Z
1304,11465,11,31,38,38,INTERMEDIATE,0.0,2026-07-26T07:25:31.640358Z
1304,11465,10,5,25,25,SOFT,0.0,2026-07-26T07:25:31.640358Z
1304,11465,6,63,31,34,SOFT,0.0,2026-07-26T07:25:31.640358Z
1304,11465,8,44,31,31,SOFT,5.0,2026-07-26T07:25:31.640358Z
1304,11465,12,31,39,44,SOFT,0.0,2026-07-26T07:25:31.640358Z
1304,11465,7,41,43,57,SOFT,0.0,2026-07-26T07:25:31.640358Z
1304,11465,11,5,26,29,SOFT,1.0,2026-07-26T07:25:31.640358Z
1304,11465,9,81,32,39,SOFT,0.0,2026-07-26T07:25:31.640358Z
1304,11465,9,44,32,34,SOFT,11.0,2026-07-26T07:25:31.640358Z
1304,11465,8,41,58,60,SOFT,0.0,2026-07-26T07:25:31.640358Z
1304,11465,12,55,51,60,SOFT,7.0,2026-07-26T07:25:31.640358Z
1304,11465,8,18,30,30,MEDIUM,0.0,2026-07-26T07:25:31.640358Z
1304,11465,13,31,45,47,SOFT,0.0,2026-07-26T07:25:31.640358Z
1304,11465,9,77,29,40,HARD,3.0,2026-07-26T07:25:31.640358Z
1304,11465,10,44,35,40,SOFT,0.0,2026-07-26T07:25:31.640358Z
1304,11465,6,3,41,56,MEDIUM,0.0,2026-07-26T07:25:31.640358Z
1304,11465,7,63,35,43,SOFT,4.0,2026-07-26T07:25:31.640358Z
1304,11465,13,55,61,67,SOFT,0.0,2026-07-26T07:25:31.640358Z
1304,11465,10,77,41,43,HARD,0.0,2026-07-26T07:25:31.640358Z
1304,11465,10,81,40,48,SOFT,8.0,2026-07-26T07:25:31.640358Z
1304,11465,12,5,30,38,SOFT,0.0,2026-07-26T07:25:31.640358Z
1304,11465,7,3,57,59,MEDIUM,22.0,2026-07-26T07:25:31.640358Z
1304,11465,8,63,44,47,SOFT,0.0,2026-07-26T07:25:31.640358Z
1304,11465,11,77,44,49,HARD,0.0,2026-07-26T07:25:31.640358Z
1304,11465,11,81,49,54,MEDIUM,6.0,2026-07-26T07:25:31.640358Z
1304,11465,11,44,41,48,SOFT,6.0,2026-07-26T07:25:31.640358Z
1304,11465,8,3,60,62,MEDIUM,25.0,2026-07-26T07:25:31.640358Z
1304,11465,14,55,68,77,SOFT,0.0,2026-07-26T07:25:31.640358Z
1304,11465,13,44,52,52,SOFT,17.0,2026-07-26T07:25:31.640358Z
1304,11465,12,44,49,51,SOFT,14.0,2026-07-26T07:25:31.640358Z
1304,11465,9,63,48,56,SOFT,0.0,2026-07-26T07:25:31.640358Z
1304,11465,13,5,39,49,SOFT,0.0,2026-07-26T07:25:31.640358Z
1304,11465,9,41,61,75,SOFT,0.0,2026-07-26T07:25:31.640358Z
1304,11465,9,3,63,65,MEDIUM,28.0,2026-07-26T07:25:31.640358Z
1304,11465,14,31,48,64,SOFT,9.0,2026-07-26T07:25:31.640358Z
1304,11465,10,3,66,70,MEDIUM,0.0,2026-07-26T07:25:31.640358Z
1304,11465,1,1,1,2,MEDIUM,0.0,2026-07-26T07:25:31.640358Z
1304,11465,1,16,1,6,SOFT,0.0,2026-07-26T07:25:31.640358Z
1304,11465,9,18,31,33,MEDIUM,1.0,2026-07-26T07:25:31.640358Z
1304,11465,11,3,71,82,MEDIUM,0.0,2026-07-26T07:25:31.640358Z
1304,11465,1,23,1,4,SOFT,0.0,2026-07-26T07:25:31.640358Z
1304,11465,2,1,3,4,MEDIUM,0.0,2026-07-26T07:25:31.640358Z
1304,11465,10,18,34,36,MEDIUM,0.0,2026-07-26T07:25:31.640358Z
1304,11465,1,27,1,7,MEDIUM,0.0,2026-07-26T07:25:31.640358Z
1304,11465,3,1,5,6,MEDIUM,0.0,2026-07-26T07:25:31.640358Z
1304,11465,3,16,13,14,MEDIUM,0.0,2026-07-26T07:25:31.640358Z
1304,11465,2,16,7,12,MEDIUM,0.0,2026-07-26T07:25:31.640358Z
1304,11465,2,23,5,9,SOFT,0.0,2026-07-26T07:25:31.640358Z
1304,11465,4,16,15,20,MEDIUM,0.0,2026-07-26T07:25:31.640358Z
1304,11465,2,27,8,11,MEDIUM,0.0,2026-07-26T07:25:31.640358Z
1304,11465,4,1,7,8,MEDIUM,0.0,2026-07-26T07:25:31.640358Z
1304,11465,12,3,83,87,HARD,0.0,2026-07-26T07:25:31.640358Z
1304,11465,13,3,88,88,HARD,5.0,2026-07-26T07:25:31.640358Z
1304,11465,2,11,3,16,HARD,0.0,2026-07-26T07:25:31.640358Z
1304,11465,15,31,65,74,SOFT,9.0,2026-07-26T07:25:31.640358Z
1304,11465,5,16,21,22,MEDIUM,14.0,2026-07-26T07:25:31.640358Z
1304,11465,5,1,9,10,MEDIUM,8.0,2026-07-26T07:25:31.640358Z
1304,11465,3,23,10,19,SOFT,0.0,2026-07-26T07:25:31.640358Z
1304,11465,1,10,1,9,MEDIUM,0.0,2026-07-26T07:25:31.640358Z
1304,11465,3,27,12,13,MEDIUM,0.0,2026-07-26T07:25:31.640358Z
1304,11465,6,1,11,12,MEDIUM,10.0,2026-07-26T07:25:31.640358Z
1304,11465,4,23,20,21,SOFT,0.0,2026-07-26T07:25:31.640358Z
1304,11465,2,10,10,17,MEDIUM,0.0,2026-07-26T07:25:31.640358Z
1304,11465,6,16,23,26,MEDIUM,0.0,2026-07-26T07:25:31.640358Z
1304,11465,5,23,22,28,SOFT,2.0,2026-07-26T07:25:31.640358Z
1304,11465,7,1,13,15,MEDIUM,12.0,2026-07-26T07:25:31.640358Z
1304,11465,14,3,89,99,HARD,6.0,2026-07-26T07:25:31.640358Z
1304,11465,3,11,17,27,HARD,9.0,2026-07-26T07:25:31.640358Z
1304,11465,7,16,27,33,SOFT,0.0,2026-07-26T07:25:31.640358Z
1304,11465,3,10,18,21,MEDIUM,0.0,2026-07-26T07:25:31.640358Z
1304,11465,15,3,100,104,SOFT,0.0,2026-07-26T07:25:31.640358Z
1304,11465,4,27,14,27,MEDIUM,2.0,2026-07-26T07:25:31.640358Z
1304,11465,6,23,29,36,SOFT,0.0,2026-07-26T07:25:31.640358Z
1304,11465,4,10,22,23,MEDIUM,10.0,2026-07-26T07:25:31.640358Z
1304,11465,16,31,75,81,MEDIUM,0.0,2026-07-26T07:25:31.640358Z
1304,11465,7,23,37,40,SOFT,0.0,2026-07-26T07:25:31.640358Z
1304,11465,8,1,16,24,MEDIUM,0.0,2026-07-26T07:25:31.640358Z
1304,11465,5,10,24,25,MEDIUM,12.0,2026-07-26T07:25:31.640358Z
1304,11465,8,16,34,44,SOFT,7.0,2026-07-26T07:25:31.640358Z
1304,11465,17,31,82,89,MEDIUM,0.0,2026-07-26T07:25:31.640358Z
1304,11465,6,10,26,27,MEDIUM,12.0,2026-07-26T07:25:31.640358Z
1304,11465,9,16,45,49,SOFT,0.0,2026-07-26T07:25:31.640358Z
1304,11465,4,11,28,38,HARD,14.0,2026-07-26T07:25:31.640358Z
1304,11465,18,31,90,92,SOFT,0.0,2026-07-26T07:25:31.640358Z
1304,11465,1,12,1,1,HARD,0.0,2026-07-26T07:25:31.640358Z
1304,11465,9,1,25,29,MEDIUM,0.0,2026-07-26T07:25:31.640358Z
1304,11465,19,31,93,95,SOFT,3.0,2026-07-26T07:25:31.640358Z
1304,11465,10,1,30,30,SOFT,0.0,2026-07-26T07:25:31.640358Z
1304,11465,8,23,41,50,SOFT,0.0,2026-07-26T07:25:31.640358Z
1304,11465,5,11,39,41,MEDIUM,0.0,2026-07-26T07:25:31.640358Z
1304,11465,1,11,1,2,HARD,0.0,2026-07-26T07:25:31.640358Z
1304,11465,7,10,28,29,MEDIUM,14.0,2026-07-26T07:25:31.640358Z
1304,11465,16,3,105,116,SOFT,0.0,2026-07-26T07:25:31.640358Z
1304,11465,2,12,2,7,HARD,0.0,2026-07-26T07:25:31.640358Z
1304,11465,17,3,117,119,SOFT,0.0,2026-07-26T07:25:31.640358Z
1304,11465,20,31,96,98,SOFT,0.0,2026-07-26T07:25:31.640358Z
1304,11465,5,27,28,50,SOFT,0.0,2026-07-26T07:25:31.640358Z
1304,11465,9,23,51,55,SOFT,0.0,2026-07-26T07:25:31.640358Z
1304,11465,10,23,56,57,SOFT,0.0,2026-07-26T07:25:31.640358Z
1304,11465,6,27,51,53,SOFT,0.0,2026-07-26T07:25:31.640358Z
1304,11465,11,1,31,35,SOFT,1.0,2026-07-26T07:25:31.640358Z
1304,11465,8,10,30,35,SOFT,0.0,2026-07-26T07:25:31.640358Z
1304,11465,10,16,50,60,SOFT,5.0,2026-07-26T07:25:31.640358Z
1304,11465,11,16,61,65,SOFT,0.0,2026-07-26T07:25:31.640358Z
1304,11465,3,12,8,16,HARD,6.0,2026-07-26T07:25:31.640358Z
1304,11465,12,16,66,67,SOFT,5.0,2026-07-26T07:25:31.640358Z
1304,11465,12,1,36,46,MEDIUM,5.0,2026-07-26T07:25:31.640358Z
1304,11465,4,12,17,19,HARD,0.0,2026-07-26T07:25:31.640358Z
1304,11465,21,31,99,106,SOFT,0.0,2026-07-26T07:25:31.640358Z
1304,11465,9,10,36,40,SOFT,0.0,2026-07-26T07:25:31.640358Z
1304,11465,18,3,120,128,SOFT,3.0,2026-07-26T07:25:31.640358Z
1304,11465,6,11,42,53,MEDIUM,2.0,2026-07-26T07:25:31.640358Z
1304,11465,7,27,54,68,SOFT,0.0,2026-07-26T07:25:31.640358Z
1304,11465,11,23,58,67,SOFT,0.0,2026-07-26T07:25:31.640358Z
1304,11465,12,23,68,68,SOFT,19.0,2026-07-26T07:25:31.640358Z
1304,11465,22,31,107,111,SOFT,0.0,2026-07-26T07:25:31.640358Z
1304,11465,8,27,69,69,SOFT,0.0,2026-07-26T07:25:31.640358Z
1304,11465,7,11,54,55,HARD,25.0,2026-07-26T07:25:31.640358Z
1304,11465,9,27,70,70,SOFT,0.0,2026-07-26T07:25:31.640358Z
1304,11465,10,10,41,49,SOFT,0.0,2026-07-26T07:25:31.640358Z
1304,11465,23,31,112,115,SOFT,0.0,2026-07-26T07:25:31.640358Z
1304,11465,5,12,20,30,HARD,3.0,2026-07-26T07:25:31.640358Z
1304,11465,19,3,129,136,SOFT,0.0,2026-07-26T07:25:31.640358Z
1304,11465,10,27,71,73,SOFT,12.0,2026-07-26T07:25:31.640358Z
1304,11465,13,1,47,58,SOFT,6.0,2026-07-26T07:25:31.640358Z
1304,11465,8,11,56,58,HARD,27.0,2026-07-26T07:25:31.640358Z
1304,11465,13,16,68,80,SOFT,0.0,2026-07-26T07:25:31.640358Z
1304,11466,1,1,1,1,MEDIUM,0.0,2026-07-26T07:25:36.423466Z
1304,11466,1,87,1,1,SOFT,0.0,2026-07-26T07:25:36.423466Z
1304,11466,1,23,1,1,SOFT,17.0,2026-07-26T07:25:36.423466Z
1304,11466,1,10,1,5,HARD,0.0,2026-07-26T07:25:36.423466Z
1304,11466,1,12,1,2,UNKNOWN,0.0,2026-07-26T07:25:36.423466Z
1304,11466,2,12,3,3,SOFT,15.0,2026-07-26T07:25:36.423466Z
1304,11466,1,27,1,1,MEDIUM,0.0,2026-07-26T07:25:36.423466Z
1304,11466,2,23,2,2,UNKNOWN,0.0,2026-07-26T07:25:36.423466Z
1304,11466,1,16,1,5,SOFT,0.0,2026-07-26T07:25:36.423466Z
1304,11466,1,30,1,3,SOFT,15.0,2026-07-26T07:25:36.423466Z
1304,11466,2,27,2,3,MEDIUM,9.0,2026-07-26T07:25:36.423466Z
1304,11466,2,87,2,6,SOFT,8.0,2026-07-26T07:25:36.423466Z
1304,11466,2,10,6,11,HARD,0.0,2026-07-26T07:25:36.423466Z
1304,11466,3,87,7,9,SOFT,0.0,2026-07-26T07:25:36.423466Z
1304,11466,2,16,6,10,SOFT,25.0,2026-07-26T07:25:36.423466Z
1304,11466,3,27,4,5,MEDIUM,11.0,2026-07-26T07:25:36.423466Z
1304,11466,2,1,2,2,MEDIUM,12.0,2026-07-26T07:25:36.423466Z
1304,11466,4,87,10,12,SOFT,0.0,2026-07-26T07:25:36.423466Z
1304,11466,1,11,1,1,HARD,30.0,2026-07-26T07:25:36.423466Z
1304,11466,3,23,3,3,HARD,18.0,2026-07-26T07:25:36.423466Z
1304,11466,3,1,3,5,HARD,0.0,2026-07-26T07:25:36.423466Z
1304,11466,3,16,11,13,SOFT,30.0,2026-07-26T07:25:36.423466Z
1304,11466,5,87,13,15,SOFT,0.0,2026-07-26T07:25:36.423466Z
1304,11466,1,14,1,2,MEDIUM,0.0,2026-07-26T07:25:36.423466Z
1304,11466,4,27,6,7,MEDIUM,13.0,2026-07-26T07:25:36.423466Z
1304,11466,2,30,4,6,SOFT,18.0,2026-07-26T07:25:36.423466Z
1304,11466,4,23,4,11,SOFT,0.0,2026-07-26T07:25:36.423466Z
1304,11466,3,10,12,20,SOFT,0.0,2026-07-26T07:25:36.423466Z
1304,11466,5,27,8,9,MEDIUM,0.0,2026-07-26T07:25:36.423466Z
1304,11466,4,16,14,16,SOFT,33.0,2026-07-26T07:25:36.423466Z
1304,11466,6,87,16,16,SOFT,9.0,2026-07-26T07:25:36.423466Z
1304,11466,3,30,7,8,SOFT,0.0,2026-07-26T07:25:36.423466Z
1304,11466,5,16,17,19,SOFT,0.0,2026-07-26T07:25:36.423466Z
1304,11466,6,16,20,22,SOFT,3.0,2026-07-26T07:25:36.423466Z
1304,11466,6,27,10,11,MEDIUM,0.0,2026-07-26T07:25:36.423466Z
1304,11466,2,11,2,4,HARD,31.0,2026-07-26T07:25:36.423466Z
1304,11466,2,14,3,9,MEDIUM,7.0,2026-07-26T07:25:36.423466Z
1304,11466,7,87,17,21,SOFT,10.0,2026-07-26T07:25:36.423466Z
1304,11466,4,10,21,29,SOFT,0.0,2026-07-26T07:25:36.423466Z
1304,11466,4,1,6,17,HARD,3.0,2026-07-26T07:25:36.423466Z
1304,11466,7,27,12,13,MEDIUM,13.0,2026-07-26T07:25:36.423466Z
1304,11466,5,23,12,17,SOFT,0.0,2026-07-26T07:25:36.423466Z
1304,11466,6,23,18,18,SOFT,0.0,2026-07-26T07:25:36.423466Z
1304,11466,8,87,22,25,SOFT,0.0,2026-07-26T07:25:36.423466Z
1304,11466,7,16,23,27,SOFT,6.0,2026-07-26T07:25:36.423466Z
1304,11466,3,14,10,15,MEDIUM,4.0,2026-07-26T07:25:36.423466Z
1304,11466,7,23,19,23,SOFT,0.0,2026-07-26T07:25:36.423466Z
1304,11466,8,27,14,15,MEDIUM,15.0,2026-07-26T07:25:36.423466Z
1304,11466,8,16,28,32,SOFT,0.0,2026-07-26T07:25:36.423466Z
1304,11466,3,11,5,8,HARD,0.0,2026-07-26T07:25:36.423466Z
1304,11466,9,87,26,30,SOFT,19.0,2026-07-26T07:25:36.423466Z
1304,11466,4,30,9,11,SOFT,2.0,2026-07-26T07:25:36.423466Z
1304,11466,9,27,16,17,MEDIUM,0.0,2026-07-26T07:25:36.423466Z
1304,11466,10,27,18,19,MEDIUM,19.0,2026-07-26T07:25:36.423466Z
1304,11466,11,27,20,21,MEDIUM,0.0,2026-07-26T07:25:36.423466Z
1304,11466,5,10,30,38,SOFT,0.0,2026-07-26T07:25:36.423466Z
1304,11466,10,87,31,34,SOFT,0.0,2026-07-26T07:25:36.423466Z
1304,11466,9,16,33,37,SOFT,0.0,2026-07-26T07:25:36.423466Z
1304,11466,8,23,24,33,SOFT,0.0,2026-07-26T07:25:36.423466Z
1304,11466,4,14,16,26,MEDIUM,0.0,2026-07-26T07:25:36.423466Z
1304,11466,12,27,22,23,MEDIUM,0.0,2026-07-26T07:25:36.423466Z
1304,11466,5,1,18,32,HARD,0.0,2026-07-26T07:25:36.423466Z
1304,11466,6,10,39,46,SOFT,9.0,2026-07-26T07:25:36.423466Z
1304,11466,9,23,34,38,MEDIUM,0.0,2026-07-26T07:25:36.423466Z
1304,11466,5,30,12,21,SOFT,0.0,2026-07-26T07:25:36.423466Z
1304,11466,10,16,38,43,SOFT,0.0,2026-07-26T07:25:36.423466Z
1304,11466,11,87,35,38,SOFT,28.0,2026-07-26T07:25:36.423466Z
1304,11466,12,87,39,41,SOFT,0.0,2026-07-26T07:25:36.423466Z
1304,11466,6,30,22,26,SOFT,0.0,2026-07-26T07:25:36.423466Z
1304,11466,7,10,47,47,SOFT,17.0,2026-07-26T07:25:36.423466Z
1304,11466,4,11,9,20,HARD,0.0,2026-07-26T07:25:36.423466Z
1304,11466,13,87,42,44,SOFT,3.0,2026-07-26T07:25:36.423466Z
1304,11466,11,16,44,48,SOFT,6.0,2026-07-26T07:25:36.423466Z
1304,11466,13,27,24,34,MEDIUM,0.0,2026-07-26T07:25:36.423466Z
1304,11466,5,14,27,35,MEDIUM,0.0,2026-07-26T07:25:36.423466Z
1304,11466,8,10,48,55,SOFT,9.0,2026-07-26T07:25:36.423466Z
1304,11466,12,16,49,52,SOFT,0.0,2026-07-26T07:25:36.423466Z
1304,11466,10,23,39,48,MEDIUM,5.0,2026-07-26T07:25:36.423466Z
1304,11466,14,87,45,47,SOFT,0.0,2026-07-26T07:25:36.423466Z
1304,11466,6,1,33,49,MEDIUM,0.0,2026-07-26T07:25:36.423466Z
1304,11466,11,23,49,52,MEDIUM,0.0,2026-07-26T07:25:36.423466Z
1304,11466,5,11,21,28,MEDIUM,0.0,2026-07-26T07:25:36.423466Z
1304,11466,15,87,48,50,SOFT,7.0,2026-07-26T07:25:36.423466Z
1304,11466,7,30,27,35,SOFT,0.0,2026-07-26T07:25:36.423466Z
1304,11466,13,16,53,58,SOFT,4.0,2026-07-26T07:25:36.423466Z
1304,11466,12,23,53,62,MEDIUM,0.0,2026-07-26T07:25:36.423466Z
1304,11466,8,30,36,39,SOFT,0.0,2026-07-26T07:25:36.423466Z
1304,11466,9,10,56,56,SOFT,17.0,2026-07-26T07:25:36.423466Z
1304,11466,6,14,36,46,MEDIUM,0.0,2026-07-26T07:25:36.423466Z
1304,11466,7,1,50,64,MEDIUM,0.0,2026-07-26T07:25:36.423466Z
1304,11466,14,27,35,44,SOFT,0.0,2026-07-26T07:25:36.423466Z
1304,11466,16,87,51,53,SOFT,0.0,2026-07-26T07:25:36.423466Z
1304,11466,14,16,59,60,SOFT,0.0,2026-07-26T07:25:36.423466Z
1304,11466,6,11,29,42,SOFT,0.0,2026-07-26T07:25:36.423466Z
1304,11466,16,27,47,47,SOFT,10.0,2026-07-26T07:25:36.423466Z
1304,11466,15,27,45,46,MEDIUM,11.0,2026-07-26T07:25:36.423466Z
1304,11466,9,30,40,50,SOFT,0.0,2026-07-26T07:25:36.423466Z
1304,11466,10,10,57,60,SOFT,0.0,2026-07-26T07:25:36.423466Z
1304,11466,1,6,1,1,SOFT,0.0,2026-07-26T07:25:36.423466Z
1304,11466,17,87,54,55,SOFT,6.0,2026-07-26T07:25:36.423466Z
1304,11466,11,10,61,61,SOFT,13.0,2026-07-26T07:25:36.423466Z
1304,11466,12,10,62,62,MEDIUM,16.0,2026-07-26T07:25:36.423466Z
1304,11466,13,10,63,63,MEDIUM,0.0,2026-07-26T07:25:36.423466Z
1304,11466,18,87,56,61,SOFT,0.0,2026-07-26T07:25:36.423466Z
1304,11466,1,41,1,1,SOFT,0.0,2026-07-26T07:25:36.423466Z
1304,11466,7,14,47,55,HARD,0.0,2026-07-26T07:25:36.423466Z
1304,11466,19,87,62,62,SOFT,0.0,2026-07-26T07:25:36.423466Z
1304,11466,8,1,65,66,MEDIUM,0.0,2026-07-26T07:25:36.423466Z
1304,11466,14,10,64,65,MEDIUM,16.0,2026-07-26T07:25:36.423466Z
1304,11466,2,6,2,7,SOFT,0.0,2026-07-26T07:25:36.423466Z
1304,11466,15,10,66,66,MEDIUM,0.0,2026-07-26T07:25:36.423466Z
1304,11466,8,14,56,57,MEDIUM,11.0,2026-07-26T07:25:36.423466Z
1304,11466,3,6,8,8,MEDIUM,0.0,2026-07-26T07:25:36.423466Z
1304,11466,15,16,61,62,SOFT,11.0,2026-07-26T07:25:36.423466Z
1304,11466,1,77,1,1,MEDIUM,8.0,2026-07-26T07:25:36.423466Z
1304,11466,2,77,2,2,MEDIUM,9.0,2026-07-26T07:25:36.423466Z
1304,11466,2,41,2,10,SOFT,0.0,2026-07-26T07:25:36.423466Z
1304,11466,16,16,63,67,SOFT,2.0,2026-07-26T07:25:36.423466Z
1304,11466,9,14,58,62,MEDIUM,13.0,2026-07-26T07:25:36.423466Z
1304,11466,3,41,11,11,SOFT,0.0,2026-07-26T07:25:36.423466Z
1304,11466,1,5,1,7,MEDIUM,0.0,2026-07-26T07:25:36.423466Z
1304,11466,1,55,1,1,HARD,0.0,2026-07-26T07:25:36.423466Z
1304,11466,3,77,3,3,MEDIUM,10.0,2026-07-26T07:25:36.423466Z
1304,11466,9,1,67,76,MEDIUM,0.0,2026-07-26T07:25:36.423466Z
1304,11466,20,87,63,76,SOFT,0.0,2026-07-26T07:25:36.423466Z
1304,11466,4,77,4,4,SOFT,0.0,2026-07-26T07:25:36.423466Z
1304,11466,4,6,9,25,MEDIUM,0.0,2026-07-26T07:25:36.423466Z
1304,11466,10,14,63,65,MEDIUM,18.0,2026-07-26T07:25:36.423466Z
1304,11466,2,5,8,10,SOFT,0.0,2026-07-26T07:25:36.423466Z
1304,11466,16,10,67,81,MEDIUM,0.0,2026-07-26T07:25:36.423466Z
1304,11466,17,16,68,72,SOFT,0.0,2026-07-26T07:25:36.423466Z
1304,11466,10,1,77,81,SOFT,0.0,2026-07-26T07:25:36.423466Z
1304,11466,3,5,11,15,HARD,0.0,2026-07-26T07:25:36.423466Z
1304,11466,2,63,5,7,SOFT,0.0,2026-07-26T07:25:36.423466Z
1304,11466,4,41,12,26,HARD,0.0,2026-07-26T07:25:36.423466Z
1304,11466,17,10,82,92,SOFT,0.0,2026-07-26T07:25:36.423466Z
1304,11466,5,77,5,17,SOFT,1.0,2026-07-26T07:25:36.423466Z
1304,11466,4,5,16,21,HARD,5.0,2026-07-26T07:25:36.423466Z
1304,11466,11,1,82,84,SOFT,0.0,2026-07-26T07:25:36.423466Z
1304,11466,21,87,77,89,HARD,0.0,2026-07-26T07:25:36.423466Z
1304,11466,3,63,8,13,SOFT,0.0,2026-07-26T07:25:36.423466Z
1304,11466,12,1,85,85,SOFT,0.0,2026-07-26T07:25:36.423466Z
1304,11466,11,14,66,75,MEDIUM,0.0,2026-07-26T07:25:36.423466Z
1304,11466,2,55,2,19,HARD,0.0,2026-07-26T07:25:36.423466Z
1304,11466,5,6,26,39,MEDIUM,0.0,2026-07-26T07:25:36.423466Z
1304,11466,4,63,14,15,SOFT,0.0,2026-07-26T07:25:36.423466Z
1304,11466,18,10,93,97,SOFT,11.0,2026-07-26T07:25:36.423466Z
1304,11466,5,63,16,16,SOFT,0.0,2026-07-26T07:25:36.423466Z
1304,11466,13,1,86,88,SOFT,0.0,2026-07-26T07:25:36.423466Z
1304,11466,3,55,20,21,HARD,10.0,2026-07-26T07:25:36.423466Z
1304,11466,6,6,40,41,MEDIUM,0.0,2026-07-26T07:25:36.423466Z
1304,11466,22,87,90,92,HARD,0.0,2026-07-26T07:25:36.423466Z
1304,11466,5,5,22,25,MEDIUM,0.0,2026-07-26T07:25:36.423466Z
1304,11466,6,77,18,22,MEDIUM,0.0,2026-07-26T07:25:36.423466Z
1304,11466,5,41,27,32,HARD,0.0,2026-07-26T07:25:36.423466Z
1304,11466,6,41,33,37,HARD,0.0,2026-07-26T07:25:36.423466Z
1304,11466,18,16,73,80,SOFT,0.0,2026-07-26T07:25:36.423466Z
1304,11466,12,14,76,77,MEDIUM,0.0,2026-07-26T07:25:36.423466Z
1304,11466,19,16,81,81,SOFT,0.0,2026-07-26T07:25:36.423466Z
1304,11466,7,6,42,45,MEDIUM,16.0,2026-07-26T07:25:36.423466Z
1304,11466,14,1,89,95,SOFT,0.0,2026-07-26T07:25:36.423466Z
1304,11466,4,55,22,26,HARD,12.0,2026-07-26T07:25:36.423466Z
1304,11466,7,41,38,47,HARD,0.0,2026-07-26T07:25:36.423466Z
1304,11466,5,55,27,33,SOFT,0.0,2026-07-26T07:25:36.423466Z
1304,11466,6,5,26,35,MEDIUM,0.0,2026-07-26T07:25:36.423466Z
1304,11466,6,63,17,26,SOFT,0.0,2026-07-26T07:25:36.423466Z
1304,11466,24,87,118,118,SOFT,5.0,2026-07-26T07:25:36.423466Z
1304,11466,15,1,96,135,HARD,0.0,2026-07-26T07:25:36.423466Z
1304,11466,8,5,56,56,SOFT,14.0,2026-07-26T07:25:36.423466Z
1304,11466,13,14,78,93,MEDIUM,0.0,2026-07-26T07:25:36.423466Z
1304,11466,9,63,49,49,SOFT,3.0,2026-07-26T07:25:36.423466Z
1304,11466,7,55,56,56,SOFT,6.0,2026-07-26T07:25:36.423466Z
1304,11466,8,6,46,74,HARD,0.0,2026-07-26T07:25:36.423466Z
1304,11466,8,77,52,52,HARD,5.0,2026-07-26T07:25:36.423466Z
1304,11466,23,87,93,117,HARD,3.0,2026-07-26T07:25:36.423466Z
1304,11466,16,14,96,96,MEDIUM,6.0,2026-07-26T07:25:36.423466Z
1304,11466,7,5,36,55,SOFT,0.0,2026-07-26T07:25:36.423466Z
1304,11466,26,87,120,120,SOFT,7.0,2026-07-26T07:25:36.423466Z
1304,11466,7,77,23,51,MEDIUM,5.0,2026-07-26T07:25:36.423466Z
1304,11466,6,55,34,55,SOFT,7.0,2026-07-26T07:25:36.423466Z
1304,11466,20,16,82,124,SOFT,1.0,2026-07-26T07:25:36.423466Z
1304,11466,10,6,76,76,SOFT,5.0,2026-07-26T07:25:36.423466Z
1304,11466,17,14,97,97,MEDIUM,10.0,2026-07-26T07:25:36.423466Z
1304,11466,8,63,48,48,SOFT,15.0,2026-07-26T07:25:36.423466Z
1304,11466,15,14,95,95,MEDIUM,3.0,2026-07-26T07:25:36.423466Z
1304,11466,25,87,119,119,SOFT,3.0,2026-07-26T07:25:36.423466Z
1304,11466,16,1,136,136,MEDIUM,17.0,2026-07-26T07:25:36.423466Z
1304,11466,9,5,57,57,SOFT,4.0,2026-07-26T07:25:36.423466Z
1304,11466,1,63,1,4,SOFT,0.0,2026-07-26T07:25:36.423466Z
1304,11466,9,6,76,76,SOFT,3.0,2026-07-26T07:25:36.423466Z
1304,11466,7,63,27,47,SOFT,0.0,2026-07-26T07:25:36.423466Z
1304,11466,14,14,94,94,MEDIUM,1.0,2026-07-26T07:25:36.423466Z
1304,11466,21,16,125,125,MEDIUM,19.0,2026-07-26T07:25:36.423466Z
1304,11466,8,41,48,69,HARD,0.0,2026-07-26T07:25:36.423466Z
1304,11466,27,87,121,118,SOFT,8.0,2026-07-26T07:25:36.423466Z
1304,11466,8,55,57,56,SOFT,15.0,2026-07-26T07:25:36.423466Z
1304,11466,9,41,70,72,SOFT,0.0,2026-07-26T07:25:36.423466Z
1304,11466,10,5,58,56,SOFT,7.0,2026-07-26T07:25:36.423466Z
1304,11466,10,63,50,54,SOFT,6.0,2026-07-26T07:25:36.423466Z
1304,11466,11,6,75,75,SOFT,9.0,2026-07-26T07:25:36.423466Z
1304,11466,18,14,98,94,SOFT,3.0,2026-07-26T07:25:36.423466Z
1304,11466,10,41,73,76,SOFT,0.0,2026-07-26T07:25:36.423466Z
1304,11466,19,14,95,98,SOFT,0.0,2026-07-26T07:25:36.423466Z
1304,11466,28,87,119,125,SOFT,8.0,2026-07-26T07:25:36.423466Z
1304,11466,17,1,137,144,SOFT,6.0,2026-07-26T07:25:36.423466Z
1304,11466,11,41,77,79,SOFT,0.0,2026-07-26T07:25:36.423466Z
1304,11466,22,16,126,139,HARD,5.0,2026-07-26T07:25:36.423466Z
1304,11466,9,77,53,62,HARD,10.0,2026-07-26T07:25:36.423466Z
1304,11466,29,87,126,126,SOFT,0.0,2026-07-26T07:25:36.423466Z
1304,11466,18,1,145,145,SOFT,11.0,2026-07-26T07:25:36.423466Z
1304,11466,11,5,57,64,SOFT,0.0,2026-07-26T07:25:36.423466Z
1304,11466,19,1,146,146,MEDIUM,17.0,2026-07-26T07:25:36.423466Z
1304,11466,30,87,127,127,SOFT,0.0,2026-07-26T07:25:36.423466Z
1304,11466,12,5,65,65,SOFT,14.0,2026-07-26T07:25:36.423466Z
1304,11466,9,55,57,69,SOFT,0.0,2026-07-26T07:25:36.423466Z
1304,11466,20,1,147,147,HARD,0.0,2026-07-26T07:25:36.423466Z
1304,11466,12,41,80,81,SOFT,0.0,2026-07-26T07:25:36.423466Z
1304,11466,13,5,66,66,SOFT,8.0,2026-07-26T07:25:36.423466Z
1304,11466,14,5,67,67,SOFT,0.0,2026-07-26T07:25:36.423466Z
1304,11466,13,41,82,82,SOFT,0.0,2026-07-26T07:25:36.423466Z
1304,11466,14,41,83,83,SOFT,0.0,2026-07-26T07:25:36.423466Z
1304,11466,12,6,76,87,SOFT,0.0,2026-07-26T07:25:36.423466Z
1304,11466,21,1,148,149,SOFT,0.0,2026-07-26T07:25:36.423466Z
1304,11466,31,87,128,130,SOFT,13.0,2026-07-26T07:25:36.423466Z
1304,11466,10,77,63,67,SOFT,0.0,2026-07-26T07:25:36.423466Z
1304,11466,23,16,140,140,SOFT,10.0,2026-07-26T07:25:36.423466Z
1304,11466,13,6,88,88,SOFT,12.0,2026-07-26T07:25:36.423466Z
1304,11466,15,41,84,84,SOFT,4.0,2026-07-26T07:25:36.423466Z
1304,11466,11,77,68,68,SOFT,5.0,2026-07-26T07:25:36.423466Z
1304,11466,32,87,131,131,SOFT,14.0,2026-07-26T07:25:36.423466Z
1304,11466,22,1,150,150,MEDIUM,11.0,2026-07-26T07:25:36.423466Z
1304,11466,15,5,68,68,SOFT,8.0,2026-07-26T07:25:36.423466Z
1304,11466,10,55,70,70,SOFT,13.0,2026-07-26T07:25:36.423466Z
1304,11467,2,87,6,6,,,2026-07-26T07:25:40.204874Z
1304,11467,1,77,1,3,SOFT,7.0,2026-07-26T07:25:40.204874Z
1304,11467,2,44,8,8,,,2026-07-26T07:25:40.204874Z
1304,11467,2,3,8,10,,4.0,2026-07-26T07:25:40.204874Z
1304,11467,2,18,6,6,,,2026-07-26T07:25:40.204874Z
1304,11467,4,55,14,17,,1.0,2026-07-26T07:25:40.204874Z
1304,11467,3,77,4,7,,1.0,2026-07-26T07:25:40.204874Z
1304,11467,3,43,5,10,,1.0,2026-07-26T07:25:40.204874Z
1304,11467,4,43,11,12,MEDIUM,7.0,2026-07-26T07:25:40.204874Z
1304,11467,3,87,7,9,SOFT,9.0,2026-07-26T07:25:40.204874Z
1304,11467,3,44,9,13,SOFT,15.0,2026-07-26T07:25:40.204874Z
1304,11467,3,30,14,21,,2.0,2026-07-26T07:25:40.204874Z
1304,11467,5,5,10,12,,16.0,2026-07-26T07:25:40.204874Z
1304,11467,3,3,11,14,SOFT,6.0,2026-07-26T07:25:40.204874Z
1304,11467,3,18,7,10,MEDIUM,6.0,2026-07-26T07:25:40.204874Z
1304,11467,1,3,1,26,,,2026-07-26T07:25:40.204874Z
1304,11467,1,55,1,40,,,2026-07-26T07:25:40.204874Z
1304,11467,1,30,1,37,,,2026-07-26T07:25:40.204874Z
1304,11467,6,3,27,28,SOFT,0.0,2026-07-26T07:25:40.204874Z
1304,11467,1,81,1,25,,,2026-07-26T07:25:40.204874Z
1304,11467,1,44,1,30,,,2026-07-26T07:25:40.204874Z
1304,11467,1,5,1,26,,,2026-07-26T07:25:40.204874Z
1304,11467,1,87,1,21,,,2026-07-26T07:25:40.204874Z
1304,11467,1,18,1,24,,,2026-07-26T07:25:40.204874Z
1304,11467,1,63,1,38,,,2026-07-26T07:25:40.204874Z
1304,11467,1,43,1,34,,,2026-07-26T07:25:40.204874Z
1304,11467,8,87,22,24,SOFT,0.0,2026-07-26T07:25:40.204874Z
1304,11467,6,30,38,50,MEDIUM,0.0,2026-07-26T07:25:40.204874Z
1304,11467,8,44,31,34,SOFT,4.0,2026-07-26T07:25:40.204874Z
1304,11467,9,87,25,27,SOFT,3.0,2026-07-26T07:25:40.204874Z
1304,11467,7,81,26,37,HARD,0.0,2026-07-26T07:25:40.204874Z
1304,11467,8,5,27,33,HARD,0.0,2026-07-26T07:25:40.204874Z
1304,11467,9,44,35,37,SOFT,0.0,2026-07-26T07:25:40.204874Z
1304,11467,8,55,41,50,MEDIUM,5.0,2026-07-26T07:25:40.204874Z
1304,11467,7,30,51,50,MEDIUM,5.0,2026-07-26T07:25:40.204874Z
1304,11467,10,44,38,41,SOFT,3.0,2026-07-26T07:25:40.204874Z
1304,11467,7,18,25,29,SOFT,0.0,2026-07-26T07:25:40.204874Z
1304,11467,10,87,28,27,SOFT,5.0,2026-07-26T07:25:40.204874Z
1304,11467,8,18,30,30,SOFT,5.0,2026-07-26T07:25:40.204874Z
1304,11467,8,81,38,40,HARD,12.0,2026-07-26T07:25:40.204874Z
1304,11467,5,77,2,9,SOFT,7.0,2026-07-26T07:25:40.204874Z
1304,11467,11,87,28,29,SOFT,6.0,2026-07-26T07:25:40.204874Z
1304,11467,11,44,42,41,SOFT,6.0,2026-07-26T07:25:40.204874Z
1304,11467,8,30,51,54,MEDIUM,0.0,2026-07-26T07:25:40.204874Z
1304,11467,8,63,39,57,MEDIUM,0.0,2026-07-26T07:25:40.204874Z
1304,11467,6,77,10,11,SOFT,8.0,2026-07-26T07:25:40.204874Z
1304,11467,8,43,35,43,SOFT,0.0,2026-07-26T07:25:40.204874Z
1304,11467,9,55,51,53,HARD,17.0,2026-07-26T07:25:40.204874Z
1304,11467,7,77,12,11,SOFT,9.0,2026-07-26T07:25:40.204874Z
1304,11467,12,87,30,38,SOFT,7.0,2026-07-26T07:25:40.204874Z
1304,11467,7,3,29,41,SOFT,2.0,2026-07-26T07:25:40.204874Z
1304,11467,9,43,44,50,SOFT,9.0,2026-07-26T07:25:40.204874Z
1304,11467,10,55,54,56,HARD,20.0,2026-07-26T07:25:40.204874Z
1304,11467,10,5,44,45,HARD,7.0,2026-07-26T07:25:40.204874Z
1304,11467,12,44,42,50,SOFT,7.0,2026-07-26T07:25:40.204874Z
1304,11467,5,18,43,43,,3.0,2026-07-26T07:25:40.204874Z
1304,11467,5,63,77,77,,3.0,2026-07-26T07:25:40.204874Z
1304,11467,6,44,52,52,,13.0,2026-07-26T07:25:40.204874Z
1304,11467,4,87,45,45,,3.0,2026-07-26T07:25:40.204874Z
1304,11467,6,5,48,48,,7.0,2026-07-26T07:25:40.204874Z
1304,11467,7,87,45,45,,6.0,2026-07-26T07:25:40.204874Z
1304,11467,4,77,23,23,,6.0,2026-07-26T07:25:40.204874Z
1304,11467,4,63,77,77,,4.0,2026-07-26T07:25:40.204874Z
1304,11467,4,18,43,43,,14.0,2026-07-26T07:25:40.204874Z
1304,11467,5,3,49,49,,12.0,2026-07-26T07:25:40.204874Z
1304,11467,7,43,55,55,,8.0,2026-07-26T07:25:40.204874Z
1304,11467,7,63,77,77,,23.0,2026-07-26T07:25:40.204874Z
1304,11467,6,81,56,56,,15.0,2026-07-26T07:25:40.204874Z
1304,11467,5,55,60,60,,7.0,2026-07-26T07:25:40.204874Z
1304,11467,6,87,45,45,,3.0,2026-07-26T07:25:40.204874Z
1304,11467,5,44,52,52,,7.0,2026-07-26T07:25:40.204874Z
1304,11467,5,30,66,66,,16.0,2026-07-26T07:25:40.204874Z
1304,11467,7,44,52,52,,4.0,2026-07-26T07:25:40.204874Z
1304,11467,4,3,49,49,,3.0,2026-07-26T07:25:40.204874Z
1304,11467,5,81,56,56,,10.0,2026-07-26T07:25:40.204874Z
1304,11467,6,63,77,77,,5.0,2026-07-26T07:25:40.204874Z
1304,11467,4,44,52,52,,3.0,2026-07-26T07:25:40.204874Z
1304,11467,4,30,66,66,,4.0,2026-07-26T07:25:40.204874Z
1304,11467,7,55,60,60,,16.0,2026-07-26T07:25:40.204874Z
1304,11467,7,5,48,48,,7.0,2026-07-26T07:25:40.204874Z
1304,11467,5,87,45,45,,6.0,2026-07-26T07:25:40.204874Z
1304,11467,6,43,55,55,,9.0,2026-07-26T07:25:40.204874Z
1304,11467,5,43,55,55,,14.0,2026-07-26T07:25:40.204874Z
1304,11467,6,18,43,43,,10.0,2026-07-26T07:25:40.204874Z
1304,11467,6,55,60,60,,6.0,2026-07-26T07:25:40.204874Z
1304,11467,9,5,34,43,HARD,7.0,2026-07-26T07:25:40.204874Z
1304,11467,13,87,39,44,HARD,0.0,2026-07-26T07:25:40.204874Z
1304,11467,9,63,58,78,HARD,0.0,2026-07-26T07:25:40.204874Z
1304,11467,9,18,31,42,SOFT,6.0,2026-07-26T07:25:40.204874Z
1304,11467,9,81,41,55,MEDIUM,0.0,2026-07-26T07:25:40.204874Z
1304,11467,10,18,43,43,MEDIUM,0.0,2026-07-26T07:25:40.204874Z
1304,11467,11,55,57,59,HARD,23.0,2026-07-26T07:25:40.204874Z
1304,11467,8,3,42,51,SOFT,0.0,2026-07-26T07:25:40.204874Z
1304,11467,9,30,55,65,MEDIUM,4.0,2026-07-26T07:25:40.204874Z
1304,11467,10,43,51,57,SOFT,8.0,2026-07-26T07:25:40.204874Z
1304,11467,13,44,51,55,SOFT,13.0,2026-07-26T07:25:40.204874Z
1304,11467,8,77,12,22,MEDIUM,0.0,2026-07-26T07:25:40.204874Z
1304,11467,9,3,52,54,SOFT,0.0,2026-07-26T07:25:40.204874Z
1304,11467,11,5,46,52,HARD,11.0,2026-07-26T07:25:40.204874Z
1304,11467,14,87,45,54,HARD,0.0,2026-07-26T07:25:40.204874Z
1304,11467,14,44,56,58,SOFT,0.0,2026-07-26T07:25:40.204874Z
1304,11467,10,30,66,69,MEDIUM,0.0,2026-07-26T07:25:40.204874Z
1304,11467,12,55,60,62,HARD,26.0,2026-07-26T07:25:40.204874Z
1304,11467,12,5,53,55,SOFT,0.0,2026-07-26T07:25:40.204874Z
1304,11467,10,3,55,61,SOFT,0.0,2026-07-26T07:25:40.204874Z
1304,11467,11,18,44,52,MEDIUM,1.0,2026-07-26T07:25:40.204874Z
1304,11467,13,5,56,58,SOFT,3.0,2026-07-26T07:25:40.204874Z
1304,11467,15,44,59,65,SOFT,3.0,2026-07-26T07:25:40.204874Z
1304,11467,13,55,63,65,HARD,29.0,2026-07-26T07:25:40.204874Z
1304,11467,14,5,59,60,SOFT,6.0,2026-07-26T07:25:40.204874Z
1304,11467,9,77,23,37,MEDIUM,0.0,2026-07-26T07:25:40.204874Z
1304,11467,10,81,56,70,MEDIUM,0.0,2026-07-26T07:25:40.204874Z
1304,11467,14,55,66,68,HARD,0.0,2026-07-26T07:25:40.204874Z
1304,11467,15,87,55,70,MEDIUM,0.0,2026-07-26T07:25:40.204874Z
1304,11467,11,43,58,64,SOFT,0.0,2026-07-26T07:25:40.204874Z
1304,11467,12,43,65,65,HARD,11.0,2026-07-26T07:25:40.204874Z
1304,11467,13,43,66,66,HARD,0.0,2026-07-26T07:25:40.204874Z
1304,11467,11,30,70,84,MEDIUM,4.0,2026-07-26T07:25:40.204874Z
1304,11467,12,18,53,54,SOFT,10.0,2026-07-26T07:25:40.204874Z
1304,11467,1,6,1,2,MEDIUM,0.0,2026-07-26T07:25:40.204874Z
1304,11467,12,30,85,87,SOFT,0.0,2026-07-26T07:25:40.204874Z
1304,11467,11,81,71,73,SOFT,0.0,2026-07-26T07:25:40.204874Z
1304,11467,1,11,1,1,SOFT,10.0,2026-07-26T07:25:40.204874Z
1304,11467,16,44,66,69,SOFT,10.0,2026-07-26T07:25:40.204874Z
1304,11467,2,11,2,2,SOFT,11.0,2026-07-26T07:25:40.204874Z
1304,11467,14,43,67,67,HARD,0.0,2026-07-26T07:25:40.204874Z
1304,11467,15,43,68,68,HARD,0.0,2026-07-26T07:25:40.204874Z
1304,11467,17,44,70,72,SOFT,20.0,2026-07-26T07:25:40.204874Z
1304,11467,13,18,55,58,MEDIUM,14.0,2026-07-26T07:25:40.204874Z
1304,11467,13,30,88,96,SOFT,3.0,2026-07-26T07:25:40.204874Z
1304,11467,18,44,73,75,SOFT,0.0,2026-07-26T07:25:40.204874Z
1304,11467,14,30,97,99,SOFT,0.0,2026-07-26T07:25:40.204874Z
1304,11467,19,44,76,77,SOFT,3.0,2026-07-26T07:25:40.204874Z
1304,11467,1,31,1,8,SOFT,0.0,2026-07-26T07:25:40.204874Z
1304,11467,1,23,1,1,HARD,0.0,2026-07-26T07:25:40.204874Z
1304,11467,3,11,3,3,SOFT,12.0,2026-07-26T07:25:40.204874Z
1304,11467,2,31,9,9,SOFT,6.0,2026-07-26T07:25:40.204874Z
1304,11467,4,11,4,4,SOFT,0.0,2026-07-26T07:25:40.204874Z
1304,11467,1,27,1,5,HARD,0.0,2026-07-26T07:25:40.204874Z
1304,11467,12,81,74,81,MEDIUM,0.0,2026-07-26T07:25:40.204874Z
1304,11467,13,81,82,84,SOFT,0.0,2026-07-26T07:25:40.204874Z
1304,11467,2,6,3,11,MEDIUM,2.0,2026-07-26T07:25:40.204874Z
1304,11467,20,44,78,78,SOFT,0.0,2026-07-26T07:25:40.204874Z
1304,11467,21,44,79,80,SOFT,0.0,2026-07-26T07:25:40.204874Z
1304,11467,3,6,12,14,MEDIUM,0.0,2026-07-26T07:25:40.204874Z
1304,11467,3,31,10,21,SOFT,7.0,2026-07-26T07:25:40.204874Z
1304,11467,15,30,100,106,SOFT,0.0,2026-07-26T07:25:40.204874Z
1304,11467,16,43,69,89,HARD,0.0,2026-07-26T07:25:40.204874Z
1304,11467,14,81,85,90,SOFT,0.0,2026-07-26T07:25:40.204874Z
1304,11467,2,23,2,20,HARD,0.0,2026-07-26T07:25:40.204874Z
1304,11467,16,30,107,109,SOFT,0.0,2026-07-26T07:25:40.204874Z
1304,11467,22,44,81,81,SOFT,0.0,2026-07-26T07:25:40.204874Z
1304,11467,2,27,6,17,MEDIUM,0.0,2026-07-26T07:25:40.204874Z
1304,11467,15,81,91,93,SOFT,0.0,2026-07-26T07:25:40.204874Z
1304,11467,4,6,15,22,MEDIUM,3.0,2026-07-26T07:25:40.204874Z
1304,11467,4,31,22,35,MEDIUM,0.0,2026-07-26T07:25:40.204874Z
1304,11467,5,6,23,25,SOFT,0.0,2026-07-26T07:25:40.204874Z
1304,11467,1,12,1,5,SOFT,0.0,2026-07-26T07:25:40.204874Z
1304,11467,17,43,90,103,SOFT,0.0,2026-07-26T07:25:40.204874Z
1304,11467,16,81,94,96,SOFT,0.0,2026-07-26T07:25:40.204874Z
1304,11467,2,12,6,8,SOFT,0.0,2026-07-26T07:25:40.204874Z
1304,11467,17,81,97,97,SOFT,3.0,2026-07-26T07:25:40.204874Z
1304,11467,3,23,21,39,HARD,1.0,2026-07-26T07:25:40.204874Z
1304,11467,3,12,9,10,SOFT,3.0,2026-07-26T07:25:40.204874Z
1304,11467,3,27,18,29,MEDIUM,0.0,2026-07-26T07:25:40.204874Z
1304,11467,23,44,82,91,SOFT,3.0,2026-07-26T07:25:40.204874Z
1304,11467,17,30,110,118,SOFT,3.0,2026-07-26T07:25:40.204874Z
1304,11467,24,44,92,92,SOFT,0.0,2026-07-26T07:25:40.204874Z
1304,11467,18,30,119,119,SOFT,0.0,2026-07-26T07:25:40.204874Z
1304,11467,4,12,11,13,SOFT,0.0,2026-07-26T07:25:40.204874Z
1304,11467,5,11,5,22,SOFT,1.0,2026-07-26T07:25:40.204874Z
1304,11467,18,81,98,110,SOFT,0.0,2026-07-26T07:25:40.204874Z
1304,11467,5,31,36,53,HARD,0.0,2026-07-26T07:25:40.204874Z
1304,11467,6,6,26,34,SOFT,0.0,2026-07-26T07:25:40.204874Z
1304,11467,6,31,54,56,SOFT,0.0,2026-07-26T07:25:40.204874Z
1304,11467,5,12,14,16,SOFT,0.0,2026-07-26T07:25:40.204874Z
1304,11467,6,12,17,17,SOFT,3.0,2026-07-26T07:25:40.204874Z
1304,11467,18,43,104,119,MEDIUM,0.0,2026-07-26T07:25:40.204874Z
1304,11467,25,44,93,111,SOFT,1.0,2026-07-26T07:25:40.204874Z
1304,11467,6,11,23,39,MEDIUM,0.0,2026-07-26T07:25:40.204874Z
1304,11467,19,43,120,122,SOFT,0.0,2026-07-26T07:25:40.204874Z
1304,11467,19,81,111,132,MEDIUM,0.0,2026-07-26T07:25:40.204874Z
1304,11467,7,31,57,58,SOFT,0.0,2026-07-26T07:25:40.204874Z
1304,11467,4,23,40,59,MEDIUM,2.0,2026-07-26T07:25:40.204874Z
1304,11467,20,43,123,125,SOFT,3.0,2026-07-26T07:25:40.204874Z
1304,11467,7,6,35,44,SOFT,0.0,2026-07-26T07:25:40.204874Z
1304,11467,7,12,18,35,SOFT,4.0,2026-07-26T07:25:40.204874Z
1304,11467,5,23,60,62,MEDIUM,4.0,2026-07-26T07:25:40.204874Z
1304,11467,21,43,126,129,SOFT,0.0,2026-07-26T07:25:40.204874Z
1304,11467,8,6,45,53,SOFT,0.0,2026-07-26T07:25:40.204874Z
1304,11467,8,31,59,63,SOFT,0.0,2026-07-26T07:25:40.204874Z
1304,11467,26,44,112,130,HARD,0.0,2026-07-26T07:25:40.204874Z
1304,11467,14,18,59,62,MEDIUM,10.0,2026-07-26T07:25:40.204874Z
1304,11467,4,27,30,44,SOFT,0.0,2026-07-26T07:25:40.204874Z
1304,11467,6,23,63,67,SOFT,0.0,2026-07-26T07:25:40.204874Z
1304,11467,15,18,63,65,MEDIUM,18.0,2026-07-26T07:25:40.204874Z
1304,11467,9,31,64,68,SOFT,0.0,2026-07-26T07:25:40.204874Z
1304,11467,7,11,40,62,HARD,0.0,2026-07-26T07:25:40.204874Z
1304,11467,27,44,131,138,MEDIUM,0.0,2026-07-26T07:25:40.204874Z
1304,11467,22,43,130,137,SOFT,0.0,2026-07-26T07:25:40.204874Z
1304,11467,20,81,133,153,HARD,0.0,2026-07-26T07:25:40.204874Z
1304,11467,7,23,68,71,SOFT,0.0,2026-07-26T07:25:40.204874Z
1304,11467,5,27,45,49,SOFT,0.0,2026-07-26T07:25:40.204874Z
1304,11467,16,18,66,69,SOFT,0.0,2026-07-26T07:25:40.204874Z
1304,11467,8,12,36,49,HARD,0.0,2026-07-26T07:25:40.204874Z
1304,11467,1,243,1,1,UNKNOWN,0.0,2026-07-26T07:25:40.204874Z
1304,11467,1,247,1,1,UNKNOWN,0.0,2026-07-26T07:25:40.204874Z
1304,11467,2,243,2,2,UNKNOWN,0.0,2026-07-26T07:25:40.204874Z
1304,11467,2,247,2,2,UNKNOWN,0.0,2026-07-26T07:25:40.204874Z
1304,11467,3,243,3,3,UNKNOWN,0.0,2026-07-26T07:25:40.204874Z
1304,11467,1,241,1,1,UNKNOWN,0.0,2026-07-26T07:25:40.204874Z
1305,11468,1,10,1,2,MEDIUM,10.0,2026-07-26T07:26:11.910849Z
1305,11468,1,6,1,5,MEDIUM,0.0,2026-07-26T07:26:11.910849Z
1305,11468,1,55,1,1,MEDIUM,5.0,2026-07-26T07:26:11.910849Z
1305,11468,1,31,1,3,HARD,9.0,2026-07-26T07:26:11.910849Z
1305,11468,1,16,1,3,MEDIUM,3.0,2026-07-26T07:26:11.910849Z
1305,11468,1,27,1,3,HARD,0.0,2026-07-26T07:26:11.910849Z
1305,11468,1,12,1,2,MEDIUM,3.0,2026-07-26T07:26:11.910849Z
1305,11468,1,41,1,6,HARD,2.0,2026-07-26T07:26:11.910849Z
1305,11468,2,12,3,4,MEDIUM,0.0,2026-07-26T07:26:11.910849Z
1305,11468,2,31,4,6,MEDIUM,6.0,2026-07-26T07:26:11.910849Z
1305,11468,2,16,4,6,MEDIUM,0.0,2026-07-26T07:26:11.910849Z
1305,11468,2,6,6,6,MEDIUM,0.0,2026-07-26T07:26:11.910849Z
1305,11468,2,10,3,3,MEDIUM,0.0,2026-07-26T07:26:11.910849Z
1305,11468,3,6,7,9,MEDIUM,0.0,2026-07-26T07:26:11.910849Z
1305,11468,3,31,7,9,MEDIUM,0.0,2026-07-26T07:26:11.910849Z
1305,11468,2,55,2,5,MEDIUM,6.0,2026-07-26T07:26:11.910849Z
1305,11468,3,10,4,6,MEDIUM,0.0,2026-07-26T07:26:11.910849Z
1305,11468,1,81,1,5,TEST_UNKNOWN,0.0,2026-07-26T07:26:11.910849Z
1305,11468,2,41,7,11,HARD,0.0,2026-07-26T07:26:11.910849Z
1305,11468,4,6,10,12,MEDIUM,3.0,2026-07-26T07:26:11.910849Z
1305,11468,3,55,6,6,MEDIUM,10.0,2026-07-26T07:26:11.910849Z
1305,11468,4,31,10,12,TEST_UNKNOWN,0.0,2026-07-26T07:26:11.910849Z
1305,11468,3,16,7,10,MEDIUM,0.0,2026-07-26T07:26:11.910849Z
1305,11468,2,27,4,8,HARD,0.0,2026-07-26T07:26:11.910849Z
1305,11468,4,10,7,12,MEDIUM,3.0,2026-07-26T07:26:11.910849Z
1305,11468,3,41,12,14,HARD,0.0,2026-07-26T07:26:11.910849Z
1305,11468,3,12,5,15,MEDIUM,0.0,2026-07-26T07:26:11.910849Z
1305,11468,5,31,13,14,TEST_UNKNOWN,0.0,2026-07-26T07:26:11.910849Z
1305,11468,4,41,15,17,HARD,0.0,2026-07-26T07:26:11.910849Z
1305,11468,3,27,9,13,HARD,0.0,2026-07-26T07:26:11.910849Z
1305,11468,2,81,6,10,MEDIUM,0.0,2026-07-26T07:26:11.910849Z
1305,11468,4,55,7,11,MEDIUM,0.0,2026-07-26T07:26:11.910849Z
1305,11468,4,12,16,18,MEDIUM,0.0,2026-07-26T07:26:11.910849Z
1305,11468,5,10,13,13,MEDIUM,0.0,2026-07-26T07:26:11.910849Z
1305,11468,5,6,13,13,MEDIUM,6.0,2026-07-26T07:26:11.910849Z
1305,11468,6,31,15,17,MEDIUM,0.0,2026-07-26T07:26:11.910849Z
1305,11468,6,6,14,15,MEDIUM,0.0,2026-07-26T07:26:11.910849Z
1305,11468,5,55,12,15,MEDIUM,0.0,2026-07-26T07:26:11.910849Z
1305,11468,4,16,11,15,MEDIUM,7.0,2026-07-26T07:26:11.910849Z
1305,11468,4,27,14,16,HARD,5.0,2026-07-26T07:26:11.910849Z
1305,11468,5,16,16,16,MEDIUM,0.0,2026-07-26T07:26:11.910849Z
1305,11468,5,12,19,29,MEDIUM,3.0,2026-07-26T07:26:11.910849Z
1305,11468,3,81,11,16,MEDIUM,0.0,2026-07-26T07:26:11.910849Z
1305,11468,6,12,30,32,MEDIUM,0.0,2026-07-26T07:26:11.910849Z
1305,11468,5,41,18,20,HARD,0.0,2026-07-26T07:26:11.910849Z
1305,11468,7,6,16,18,MEDIUM,2.0,2026-07-26T07:26:11.910849Z
1305,11468,6,16,17,28,MEDIUM,1.0,2026-07-26T07:26:11.910849Z
1305,11468,5,27,17,23,HARD,0.0,2026-07-26T07:26:11.910849Z
1305,11468,8,6,19,20,MEDIUM,0.0,2026-07-26T07:26:11.910849Z
1305,11468,6,55,16,18,MEDIUM,0.0,2026-07-26T07:26:11.910849Z
1305,11468,7,55,19,19,MEDIUM,5.0,2026-07-26T07:26:11.910849Z
1305,11468,9,6,21,23,MEDIUM,2.0,2026-07-26T07:26:11.910849Z
1305,11468,4,81,17,20,MEDIUM,0.0,2026-07-26T07:26:11.910849Z
1305,11468,1,11,1,1,MEDIUM,9.0,2026-07-26T07:26:11.910849Z
1305,11468,6,27,24,28,HARD,0.0,2026-07-26T07:26:11.910849Z
1305,11468,6,10,14,23,MEDIUM,0.0,2026-07-26T07:26:11.910849Z
1305,11468,5,81,21,21,MEDIUM,6.0,2026-07-26T07:26:11.910849Z
1305,11468,7,31,18,21,INTERMEDIATE,2.0,2026-07-26T07:26:11.910849Z
1305,11468,10,6,24,24,MEDIUM,5.0,2026-07-26T07:26:11.910849Z
1305,11468,8,31,22,22,TEST_UNKNOWN,5.0,2026-07-26T07:26:11.910849Z
1305,11468,7,12,33,43,MEDIUM,0.0,2026-07-26T07:26:11.910849Z
1305,11468,7,27,29,31,HARD,0.0,2026-07-26T07:26:11.910849Z
1305,11468,7,16,29,43,HARD,0.0,2026-07-26T07:26:11.910849Z
1305,11468,2,11,2,4,HARD,0.0,2026-07-26T07:26:11.910849Z
1305,11468,6,41,21,34,HARD,5.0,2026-07-26T07:26:11.910849Z
1305,11468,9,31,23,23,TEST_UNKNOWN,0.0,2026-07-26T07:26:11.910849Z
1305,11468,3,11,5,5,HARD,3.0,2026-07-26T07:26:11.910849Z
1305,11468,8,12,44,46,MEDIUM,0.0,2026-07-26T07:26:11.910849Z
1305,11468,10,31,24,24,TEST_UNKNOWN,7.0,2026-07-26T07:26:11.910849Z
1305,11468,4,11,6,6,HARD,4.0,2026-07-26T07:26:11.910849Z
1305,11468,9,12,47,49,MEDIUM,3.0,2026-07-26T07:26:11.910849Z
1305,11468,7,10,24,29,MEDIUM,0.0,2026-07-26T07:26:11.910849Z
1305,11468,11,31,25,25,MEDIUM,0.0,2026-07-26T07:26:11.910849Z
1305,11468,8,10,30,30,MEDIUM,0.0,2026-07-26T07:26:11.910849Z
1305,11468,12,31,26,26,MEDIUM,4.0,2026-07-26T07:26:11.910849Z
1305,11468,5,11,7,7,HARD,5.0,2026-07-26T07:26:11.910849Z
1305,11468,7,41,35,40,HARD,3.0,2026-07-26T07:26:11.910849Z
1305,11468,6,11,8,8,TEST_UNKNOWN,0.0,2026-07-26T07:26:11.910849Z
1305,11468,8,27,32,37,HARD,8.0,2026-07-26T07:26:11.910849Z
1305,11468,8,55,20,33,MEDIUM,6.0,2026-07-26T07:26:11.910849Z
1305,11468,9,55,34,34,MEDIUM,6.0,2026-07-26T07:26:11.910849Z
1305,11468,11,6,25,30,MEDIUM,0.0,2026-07-26T07:26:11.910849Z
1305,11468,9,27,38,40,MEDIUM,0.0,2026-07-26T07:26:11.910849Z
1305,11468,12,6,31,33,MEDIUM,0.0,2026-07-26T07:26:11.910849Z
1305,11468,8,16,44,50,MEDIUM,0.0,2026-07-26T07:26:11.910849Z
1305,11468,6,81,22,36,MEDIUM,7.0,2026-07-26T07:26:11.910849Z
1305,11468,7,81,37,37,MEDIUM,6.0,2026-07-26T07:26:11.910849Z
1305,11468,13,31,27,40,MEDIUM,0.0,2026-07-26T07:26:11.910849Z
1305,11468,8,41,41,48,HARD,9.0,2026-07-26T07:26:11.910849Z
1305,11468,9,16,51,59,MEDIUM,7.0,2026-07-26T07:26:11.910849Z
1305,11468,7,11,9,24,TEST_UNKNOWN,1.0,2026-07-26T07:26:11.910849Z
1305,11468,13,6,34,35,MEDIUM,3.0,2026-07-26T07:26:11.910849Z
1305,11468,9,10,31,36,MEDIUM,1.0,2026-07-26T07:26:11.910849Z
1305,11468,10,27,41,49,MEDIUM,0.0,2026-07-26T07:26:11.910849Z
1305,11468,14,6,36,38,MEDIUM,0.0,2026-07-26T07:26:11.910849Z
1305,11468,11,27,50,52,TEST_UNKNOWN,0.0,2026-07-26T07:26:11.910849Z
1305,11468,10,55,35,48,MEDIUM,0.0,2026-07-26T07:26:11.910849Z
1305,11468,14,31,41,58,HARD,0.0,2026-07-26T07:26:11.910849Z
1305,11468,15,6,39,42,MEDIUM,6.0,2026-07-26T07:26:11.910849Z
1305,11468,10,10,37,43,MEDIUM,6.0,2026-07-26T07:26:11.910849Z
1305,11468,11,55,49,49,MEDIUM,0.0,2026-07-26T07:26:11.910849Z
1305,11468,8,81,38,52,MEDIUM,7.0,2026-07-26T07:26:11.910849Z
1305,11468,9,81,53,53,HARD,7.0,2026-07-26T07:26:11.910849Z
1305,11468,8,11,25,43,HARD,0.0,2026-07-26T07:26:11.910849Z
1305,11468,9,41,49,62,HARD,3.0,2026-07-26T07:26:11.910849Z
1305,11468,10,16,60,74,HARD,0.0,2026-07-26T07:26:11.910849Z
1305,11468,11,10,44,50,MEDIUM,10.0,2026-07-26T07:26:11.910849Z
1305,11468,12,27,53,61,UNKNOWN,0.0,2026-07-26T07:26:11.910849Z
1305,11468,13,27,62,62,HARD,16.0,2026-07-26T07:26:11.910849Z
1305,11468,14,27,63,63,HARD,0.0,2026-07-26T07:26:11.910849Z
1305,11468,15,27,64,64,HARD,17.0,2026-07-26T07:26:11.910849Z
1305,11468,12,55,50,63,MEDIUM,0.0,2026-07-26T07:26:11.910849Z
1305,11468,16,6,43,49,MEDIUM,3.0,2026-07-26T07:26:11.910849Z
1305,11468,13,55,64,64,MEDIUM,20.0,2026-07-26T07:26:11.910849Z
1305,11468,11,16,75,77,MEDIUM,2.0,2026-07-26T07:26:11.910849Z
1305,11468,14,55,65,65,MEDIUM,0.0,2026-07-26T07:26:11.910849Z
1305,11468,10,81,54,66,UNKNOWN,0.0,2026-07-26T07:26:11.910849Z
1305,11468,12,10,51,52,MEDIUM,13.0,2026-07-26T07:26:11.910849Z
1305,11468,10,41,63,76,HARD,3.0,2026-07-26T07:26:11.910849Z
1305,11468,1,18,1,1,TEST_UNKNOWN,0.0,2026-07-26T07:26:11.910849Z
1305,11468,15,31,59,82,UNKNOWN,0.0,2026-07-26T07:26:11.910849Z
1305,11468,9,11,44,61,HARD,0.0,2026-07-26T07:26:11.910849Z
1305,11468,17,6,50,59,MEDIUM,5.0,2026-07-26T07:26:11.910849Z
1305,11468,16,31,83,83,HARD,12.0,2026-07-26T07:26:11.910849Z
1305,11468,11,81,67,67,TEST_UNKNOWN,14.0,2026-07-26T07:26:11.910849Z
1305,11468,18,6,60,60,MEDIUM,14.0,2026-07-26T07:26:11.910849Z
1305,11468,2,18,2,2,MEDIUM,0.0,2026-07-26T07:26:11.910849Z
1305,11468,1,87,1,1,TEST_UNKNOWN,8.0,2026-07-26T07:26:11.910849Z
1305,11468,11,41,77,77,HARD,0.0,2026-07-26T07:26:11.910849Z
1305,11468,2,87,2,2,TEST_UNKNOWN,0.0,2026-07-26T07:26:11.910849Z
1305,11468,1,3,1,1,MEDIUM,0.0,2026-07-26T07:26:11.910849Z
1305,11468,15,55,66,66,MEDIUM,21.0,2026-07-26T07:26:11.910849Z
1305,11468,12,41,78,78,MEDIUM,0.0,2026-07-26T07:26:11.910849Z
1305,11468,3,87,3,3,TEST_UNKNOWN,0.0,2026-07-26T07:26:11.910849Z
1305,11468,16,55,67,67,MEDIUM,3.0,2026-07-26T07:26:11.910849Z
1305,11468,4,87,4,4,MEDIUM,0.0,2026-07-26T07:26:11.910849Z
1305,11468,13,10,53,57,MEDIUM,10.0,2026-07-26T07:26:11.910849Z
1305,11468,3,18,3,4,MEDIUM,0.0,2026-07-26T07:26:11.910849Z
1305,11468,4,18,5,6,MEDIUM,0.0,2026-07-26T07:26:11.910849Z
1305,11468,1,63,1,5,MEDIUM,0.0,2026-07-26T07:26:11.910849Z
1305,11468,13,41,79,92,MEDIUM,1.0,2026-07-26T07:26:11.910849Z
1305,11468,12,16,78,80,MEDIUM,0.0,2026-07-26T07:26:11.910849Z
1305,11468,2,3,2,13,MEDIUM,1.0,2026-07-26T07:26:11.910849Z
1305,11468,17,55,68,82,MEDIUM,4.0,2026-07-26T07:26:11.910849Z
1305,11468,3,3,14,14,MEDIUM,0.0,2026-07-26T07:26:11.910849Z
1305,11468,14,10,58,59,MEDIUM,13.0,2026-07-26T07:26:11.910849Z
1305,11468,5,87,5,20,MEDIUM,1.0,2026-07-26T07:26:11.910849Z
1305,11468,2,63,6,10,MEDIUM,5.0,2026-07-26T07:26:11.910849Z
1305,11468,3,63,11,13,UNKNOWN,0.0,2026-07-26T07:26:11.910849Z
1305,11468,13,16,81,84,MEDIUM,3.0,2026-07-26T07:26:11.910849Z
1305,11468,14,16,85,87,MEDIUM,0.0,2026-07-26T07:26:11.910849Z
1305,11468,1,77,1,13,HARD,3.0,2026-07-26T07:26:11.910849Z
1305,11468,15,10,60,60,HARD,0.0,2026-07-26T07:26:11.910849Z
1305,11468,2,77,14,16,HARD,0.0,2026-07-26T07:26:11.910849Z
1305,11468,15,16,88,89,MEDIUM,3.0,2026-07-26T07:26:11.910849Z
1305,11468,14,41,93,115,HARD,0.0,2026-07-26T07:26:11.910849Z
1305,11468,6,87,21,43,HARD,0.0,2026-07-26T07:26:11.910849Z
1305,11468,4,63,14,23,MEDIUM,0.0,2026-07-26T07:26:11.910849Z
1305,11468,4,3,15,27,MEDIUM,1.0,2026-07-26T07:26:11.910849Z
1305,11468,16,16,90,91,MEDIUM,6.0,2026-07-26T07:26:11.910849Z
1305,11468,5,63,24,25,MEDIUM,0.0,2026-07-26T07:26:11.910849Z
1305,11468,16,10,61,70,HARD,1.0,2026-07-26T07:26:11.910849Z
1305,11468,18,55,83,98,HARD,0.0,2026-07-26T07:26:11.910849Z
1305,11468,5,3,28,30,MEDIUM,0.0,2026-07-26T07:26:11.910849Z
1305,11468,19,55,99,102,UNKNOWN,0.0,2026-07-26T07:26:11.910849Z
1305,11468,2,5,4,4,MEDIUM,0.0,2026-07-26T07:26:11.910849Z
1305,11468,1,5,1,3,TEST_UNKNOWN,0.0,2026-07-26T07:26:11.910849Z
1305,11468,17,10,71,81,HARD,0.0,2026-07-26T07:26:11.910849Z
1305,11468,17,16,92,97,MEDIUM,5.0,2026-07-26T07:26:11.910849Z
1305,11468,20,55,103,105,MEDIUM,5.0,2026-07-26T07:26:11.910849Z
1305,11468,18,16,98,100,MEDIUM,0.0,2026-07-26T07:26:11.910849Z
1305,11468,6,63,26,36,MEDIUM,2.0,2026-07-26T07:26:11.910849Z
1305,11468,3,5,5,18,MEDIUM,0.0,2026-07-26T07:26:11.910849Z
1305,11468,7,63,37,39,MEDIUM,0.0,2026-07-26T07:26:11.910849Z
1305,11468,1,1,1,2,MEDIUM,12.0,2026-07-26T07:26:11.910849Z
1305,11468,18,10,82,82,HARD,11.0,2026-07-26T07:26:11.910849Z
1305,11468,6,3,31,33,MEDIUM,3.0,2026-07-26T07:26:11.910849Z
1305,11468,19,16,101,102,MEDIUM,0.0,2026-07-26T07:26:11.910849Z
1305,11468,19,10,83,85,MEDIUM,0.0,2026-07-26T07:26:11.910849Z
1305,11468,21,55,106,110,MEDIUM,0.0,2026-07-26T07:26:11.910849Z
1305,11468,20,16,103,106,MEDIUM,0.0,2026-07-26T07:26:11.910849Z
1305,11468,2,1,3,8,MEDIUM,0.0,2026-07-26T07:26:11.910849Z
1305,11468,7,87,44,61,HARD,0.0,2026-07-26T07:26:11.910849Z
1305,11468,7,3,34,39,MEDIUM,0.0,2026-07-26T07:26:11.910849Z
1305,11468,3,1,9,10,MEDIUM,0.0,2026-07-26T07:26:11.910849Z
1305,11468,8,63,40,50,MEDIUM,3.0,2026-07-26T07:26:11.910849Z
1305,11468,21,16,107,109,MEDIUM,4.0,2026-07-26T07:26:11.910849Z
1305,11468,15,41,116,136,HARD,0.0,2026-07-26T07:26:11.910849Z
1305,11468,8,87,62,64,MEDIUM,0.0,2026-07-26T07:26:11.910849Z
1305,11468,20,10,86,91,MEDIUM,0.0,2026-07-26T07:26:11.910849Z
1305,11468,9,63,51,53,MEDIUM,0.0,2026-07-26T07:26:11.910849Z
1305,11468,4,1,11,13,MEDIUM,0.0,2026-07-26T07:26:11.910849Z
1305,11468,16,41,137,139,MEDIUM,5.0,2026-07-26T07:26:11.910849Z
1305,11468,22,55,111,115,MEDIUM,10.0,2026-07-26T07:26:11.910849Z
1305,11468,9,87,65,67,MEDIUM,0.0,2026-07-26T07:26:11.910849Z
1305,11468,21,10,92,94,MEDIUM,0.0,2026-07-26T07:26:11.910849Z
1305,11468,4,5,19,43,HARD,0.0,2026-07-26T07:26:11.910849Z
1305,11468,8,3,40,44,MEDIUM,0.0,2026-07-26T07:26:11.910849Z
1305,11468,23,55,116,116,MEDIUM,5.0,2026-07-26T07:26:11.910849Z
1305,11468,22,16,110,113,MEDIUM,0.0,2026-07-26T07:26:11.910849Z
1305,11468,10,87,68,69,MEDIUM,3.0,2026-07-26T07:26:11.910849Z
1305,11468,17,41,140,143,MEDIUM,3.0,2026-07-26T07:26:11.910849Z
1305,11468,23,16,114,115,MEDIUM,0.0,2026-07-26T07:26:11.910849Z
1305,11468,22,10,95,97,MEDIUM,3.0,2026-07-26T07:26:11.910849Z
1305,11468,5,1,14,16,MEDIUM,0.0,2026-07-26T07:26:11.910849Z
1305,11468,6,1,17,17,MEDIUM,3.0,2026-07-26T07:26:11.910849Z
1305,11468,11,87,70,72,MEDIUM,0.0,2026-07-26T07:26:11.910849Z
1305,11468,24,55,117,119,MEDIUM,0.0,2026-07-26T07:26:11.910849Z
1305,11468,18,41,144,146,TEST_UNKNOWN,0.0,2026-07-26T07:26:11.910849Z
1305,11468,23,10,98,100,MEDIUM,0.0,2026-07-26T07:26:11.910849Z
1305,11468,3,77,17,21,HARD,3.0,2026-07-26T07:26:11.910849Z
1305,11468,9,3,45,50,MEDIUM,0.0,2026-07-26T07:26:11.910849Z
1305,11468,19,41,147,148,TEST_UNKNOWN,0.0,2026-07-26T07:26:11.910849Z
1305,11468,10,63,54,64,MEDIUM,3.0,2026-07-26T07:26:11.910849Z
1305,11468,5,5,44,55,HARD,0.0,2026-07-26T07:26:11.910849Z
1305,11468,12,87,73,74,MEDIUM,0.0,2026-07-26T07:26:11.910849Z
1305,11468,25,55,120,122,MEDIUM,0.0,2026-07-26T07:26:11.910849Z
1305,11468,24,10,101,103,MEDIUM,0.0,2026-07-26T07:26:11.910849Z
1305,11468,24,16,116,118,MEDIUM,2.0,2026-07-26T07:26:11.910849Z
1305,11468,4,77,22,24,UNKNOWN,0.0,2026-07-26T07:26:11.910849Z
1305,11468,11,63,65,67,TEST_UNKNOWN,0.0,2026-07-26T07:26:11.910849Z
1305,11468,20,41,149,151,MEDIUM,0.0,2026-07-26T07:26:11.910849Z
1305,11468,25,10,104,106,MEDIUM,0.0,2026-07-26T07:26:11.910849Z
1305,11468,13,87,75,77,MEDIUM,0.0,2026-07-26T07:26:11.910849Z
1305,11468,7,1,18,30,MEDIUM,4.0,2026-07-26T07:26:11.910849Z
1305,11468,26,55,123,125,SOFT,0.0,2026-07-26T07:26:11.910849Z
1305,11468,10,3,51,53,MEDIUM,0.0,2026-07-26T07:26:11.910849Z
1305,11468,5,77,25,27,MEDIUM,0.0,2026-07-26T07:26:11.910849Z
1305,11468,26,10,107,109,MEDIUM,0.0,2026-07-26T07:26:11.910849Z
1305,11468,25,16,119,121,MEDIUM,0.0,2026-07-26T07:26:11.910849Z
1305,11468,21,41,152,154,MEDIUM,0.0,2026-07-26T07:26:11.910849Z
1305,11468,6,77,28,29,MEDIUM,0.0,2026-07-26T07:26:11.910849Z
1305,11468,6,5,56,62,MEDIUM,0.0,2026-07-26T07:26:11.910849Z
1305,11468,22,41,155,155,MEDIUM,3.0,2026-07-26T07:26:11.910849Z
1305,11468,14,87,78,80,MEDIUM,0.0,2026-07-26T07:26:11.910849Z
1305,11468,11,3,54,56,TEST_UNKNOWN,0.0,2026-07-26T07:26:11.910849Z
1305,11468,15,87,81,81,MEDIUM,5.0,2026-07-26T07:26:11.910849Z
1305,11468,26,16,122,124,MEDIUM,0.0,2026-07-26T07:26:11.910849Z
1305,11468,23,41,156,157,UNKNOWN,0.0,2026-07-26T07:26:11.910849Z
1305,11468,12,3,57,57,TEST_UNKNOWN,0.0,2026-07-26T07:26:11.910849Z
1305,11468,27,10,110,112,SOFT,0.0,2026-07-26T07:26:11.910849Z
1305,11468,7,77,30,32,UNKNOWN,0.0,2026-07-26T07:26:11.910849Z
1305,11468,24,41,158,158,TEST_UNKNOWN,2.0,2026-07-26T07:26:11.910849Z
1305,11468,16,87,82,82,MEDIUM,0.0,2026-07-26T07:26:11.910849Z
1305,11468,28,10,113,113,MEDIUM,0.0,2026-07-26T07:26:11.910849Z
1305,11468,25,41,159,159,MEDIUM,3.0,2026-07-26T07:26:11.910849Z
1305,11468,17,87,83,83,MEDIUM,5.0,2026-07-26T07:26:11.910849Z
1305,11468,12,63,68,78,TEST_UNKNOWN,0.0,2026-07-26T07:26:11.910849Z
1305,11468,29,10,114,114,MEDIUM,6.0,2026-07-26T07:26:11.910849Z
1305,11468,27,16,125,127,MEDIUM,0.0,2026-07-26T07:26:11.910849Z
1305,11468,18,87,84,84,MEDIUM,3.0,2026-07-26T07:26:11.910849Z
1305,11468,7,5,63,67,MEDIUM,0.0,2026-07-26T07:26:11.910849Z
1305,11468,26,41,160,161,MEDIUM,3.0,2026-07-26T07:26:11.910849Z
1305,11468,30,10,115,115,MEDIUM,6.0,2026-07-26T07:26:11.910849Z
1305,11468,8,77,33,35,MEDIUM,0.0,2026-07-26T07:26:11.910849Z
1305,11468,13,63,79,79,MEDIUM,0.0,2026-07-26T07:26:11.910849Z
1305,11468,19,87,85,85,MEDIUM,3.0,2026-07-26T07:26:11.910849Z
1305,11468,27,41,162,162,MEDIUM,5.0,2026-07-26T07:26:11.910849Z
1305,11468,14,63,80,80,MEDIUM,0.0,2026-07-26T07:26:11.910849Z
1305,11468,31,10,116,116,SOFT,0.0,2026-07-26T07:26:11.910849Z
1305,11468,20,87,86,86,MEDIUM,6.0,2026-07-26T07:26:11.910849Z
1305,11468,13,3,58,63,TEST_UNKNOWN,4.0,2026-07-26T07:26:11.910849Z
1305,11468,28,41,163,163,TEST_UNKNOWN,5.0,2026-07-26T07:26:11.910849Z
1305,11468,15,63,81,81,MEDIUM,0.0,2026-07-26T07:26:11.910849Z
1305,11468,32,10,117,117,SOFT,5.0,2026-07-26T07:26:11.910849Z
1305,11468,8,5,68,71,MEDIUM,0.0,2026-07-26T07:26:11.910849Z
1305,11468,29,41,164,164,TEST_UNKNOWN,3.0,2026-07-26T07:26:11.910849Z
1305,11468,21,87,87,87,MEDIUM,0.0,2026-07-26T07:26:11.910849Z
1305,11468,9,77,36,37,MEDIUM,0.0,2026-07-26T07:26:11.910849Z
1305,11468,14,3,64,64,MEDIUM,0.0,2026-07-26T07:26:11.910849Z
1305,11468,28,16,128,132,MEDIUM,0.0,2026-07-26T07:26:11.910849Z
1305,11468,33,10,118,118,MEDIUM,7.0,2026-07-26T07:26:11.910849Z
1305,11468,16,63,82,82,MEDIUM,0.0,2026-07-26T07:26:11.910849Z
1305,11468,8,1,31,47,HARD,0.0,2026-07-26T07:26:11.910849Z
1305,11468,27,55,126,141,MEDIUM,15.0,2026-07-26T07:26:11.910849Z
1305,11468,15,3,65,65,MEDIUM,6.0,2026-07-26T07:26:11.910849Z
1305,11468,22,87,88,88,MEDIUM,4.0,2026-07-26T07:26:11.910849Z
1305,11468,30,41,165,165,MEDIUM,0.0,2026-07-26T07:26:11.910849Z
1305,11468,10,77,38,38,MEDIUM,2.0,2026-07-26T07:26:11.910849Z
1305,11468,17,63,83,83,MEDIUM,16.0,2026-07-26T07:26:11.910849Z
1305,11468,29,16,133,133,MEDIUM,5.0,2026-07-26T07:26:11.910849Z
1305,11468,34,10,119,119,MEDIUM,7.0,2026-07-26T07:26:11.910849Z
1305,11468,28,55,142,142,MEDIUM,6.0,2026-07-26T07:26:11.910849Z
1305,11468,16,3,66,66,MEDIUM,7.0,2026-07-26T07:26:11.910849Z
1305,11468,23,87,89,89,MEDIUM,6.0,2026-07-26T07:26:11.910849Z
1305,11468,31,41,166,166,MEDIUM,6.0,2026-07-26T07:26:11.910849Z
1305,11468,9,1,48,48,HARD,0.0,2026-07-26T07:26:11.910849Z
1305,11468,11,77,39,39,MEDIUM,3.0,2026-07-26T07:26:11.910849Z
1305,11468,9,5,72,72,MEDIUM,4.0,2026-07-26T07:26:11.910849Z
1305,11468,12,77,40,40,MEDIUM,3.0,2026-07-26T07:26:11.910849Z
1279,11230,1,77,1,3,SOFT,0.0,2026-07-26T07:27:07.424030Z
1279,11230,1,63,1,3,SOFT,0.0,2026-07-26T07:27:07.424030Z
1279,11230,1,11,1,3,SOFT,0.0,2026-07-26T07:27:07.424030Z
1279,11230,1,23,1,5,SOFT,0.0,2026-07-26T07:27:07.424030Z
1279,11230,1,3,1,2,SOFT,0.0,2026-07-26T07:27:07.424030Z
1279,11230,1,1,1,6,SOFT,0.0,2026-07-26T07:27:07.424030Z
1279,11230,1,41,1,6,SOFT,0.0,2026-07-26T07:27:07.424030Z
1279,11230,1,30,1,5,SOFT,0.0,2026-07-26T07:27:07.424030Z
1279,11230,1,81,1,6,SOFT,0.0,2026-07-26T07:27:07.424030Z
1279,11230,2,63,4,4,SOFT,3.0,2026-07-26T07:27:07.424030Z
1279,11230,1,31,1,5,SOFT,0.0,2026-07-26T07:27:07.424030Z
1279,11230,1,87,1,5,SOFT,0.0,2026-07-26T07:27:07.424030Z
1279,11230,2,23,6,6,SOFT,0.0,2026-07-26T07:27:07.424030Z
1279,11230,1,14,1,5,SOFT,0.0,2026-07-26T07:27:07.424030Z
1279,11230,1,44,1,6,MEDIUM,0.0,2026-07-26T07:27:07.424030Z
1279,11230,1,16,1,5,MEDIUM,0.0,2026-07-26T07:27:07.424030Z
1279,11230,1,27,1,6,SOFT,0.0,2026-07-26T07:27:07.424030Z
1279,11230,1,10,1,6,SOFT,0.0,2026-07-26T07:27:07.424030Z
1279,11230,1,43,1,6,SOFT,0.0,2026-07-26T07:27:07.424030Z
1279,11230,1,6,1,3,SOFT,0.0,2026-07-26T07:27:07.424030Z
1279,11230,2,77,4,5,SOFT,0.0,2026-07-26T07:27:07.424030Z
1279,11230,2,11,4,4,SOFT,0.0,2026-07-26T07:27:07.424030Z
1279,11230,2,14,6,10,SOFT,0.0,2026-07-26T07:27:07.424030Z
1279,11230,3,77,6,8,SOFT,0.0,2026-07-26T07:27:07.424030Z
1279,11230,3,11,5,7,SOFT,0.0,2026-07-26T07:27:07.424030Z
1279,11230,2,44,7,9,MEDIUM,6.0,2026-07-26T07:27:07.424030Z
1279,11230,2,16,6,7,MEDIUM,5.0,2026-07-26T07:27:07.424030Z
1279,11230,2,31,6,10,SOFT,0.0,2026-07-26T07:27:07.424030Z
1279,11230,2,87,6,10,SOFT,0.0,2026-07-26T07:27:07.424030Z
1279,11230,3,23,7,11,SOFT,1.0,2026-07-26T07:27:07.424030Z
1279,11230,2,1,7,11,SOFT,6.0,2026-07-26T07:27:07.424030Z
1279,11230,2,41,7,11,SOFT,0.0,2026-07-26T07:27:07.424030Z
1279,11230,2,30,6,10,SOFT,0.0,2026-07-26T07:27:07.424030Z
1279,11230,2,10,7,10,SOFT,0.0,2026-07-26T07:27:07.424030Z
1279,11230,2,43,7,10,SOFT,0.0,2026-07-26T07:27:07.424030Z
1279,11230,2,81,7,10,SOFT,6.0,2026-07-26T07:27:07.424030Z
1279,11230,1,5,1,6,SOFT,0.0,2026-07-26T07:27:07.424030Z
1279,11230,1,12,1,5,SOFT,0.0,2026-07-26T07:27:07.424030Z
1279,11230,2,27,7,10,SOFT,0.0,2026-07-26T07:27:07.424030Z
1279,11230,3,63,5,8,SOFT,0.0,2026-07-26T07:27:07.424030Z
1279,11230,2,6,4,6,SOFT,0.0,2026-07-26T07:27:07.424030Z
1279,11230,4,23,12,14,SOFT,5.0,2026-07-26T07:27:07.424030Z
1279,11230,3,27,11,13,SOFT,4.0,2026-07-26T07:27:07.424030Z
1279,11230,3,44,10,13,SOFT,0.0,2026-07-26T07:27:07.424030Z
1279,11230,2,12,6,8,SOFT,0.0,2026-07-26T07:27:07.424030Z
1279,11230,4,63,9,11,SOFT,0.0,2026-07-26T07:27:07.424030Z
1279,11230,3,81,11,14,SOFT,0.0,2026-07-26T07:27:07.424030Z
1279,11230,3,1,12,15,SOFT,0.0,2026-07-26T07:27:07.424030Z
1279,11230,3,31,11,14,SOFT,0.0,2026-07-26T07:27:07.424030Z
1279,11230,3,87,11,14,SOFT,0.0,2026-07-26T07:27:07.424030Z
1279,11230,2,5,7,10,SOFT,0.0,2026-07-26T07:27:07.424030Z
1279,11230,3,43,11,14,SOFT,0.0,2026-07-26T07:27:07.424030Z
1279,11230,3,30,11,14,SOFT,0.0,2026-07-26T07:27:07.424030Z
1279,11230,3,41,12,15,SOFT,0.0,2026-07-26T07:27:07.424030Z
1279,11230,3,10,11,14,SOFT,0.0,2026-07-26T07:27:07.424030Z
1279,11230,3,16,8,13,SOFT,0.0,2026-07-26T07:27:07.424030Z
1279,11230,5,23,15,17,SOFT,0.0,2026-07-26T07:27:07.424030Z
1279,11230,3,6,7,9,SOFT,0.0,2026-07-26T07:27:07.424030Z
1279,11230,6,23,18,19,SOFT,0.0,2026-07-26T07:27:07.424030Z
1279,11230,4,31,15,18,SOFT,0.0,2026-07-26T07:27:07.424030Z
1279,11230,4,87,15,18,SOFT,0.0,2026-07-26T07:27:07.424030Z
1279,11230,3,5,11,14,SOFT,0.0,2026-07-26T07:27:07.424030Z
1279,11230,4,43,15,18,SOFT,0.0,2026-07-26T07:27:07.424030Z
1279,11230,4,27,14,18,SOFT,0.0,2026-07-26T07:27:07.424030Z
1279,11230,4,10,15,18,SOFT,0.0,2026-07-26T07:27:07.424030Z
1279,11230,4,81,15,17,SOFT,4.0,2026-07-26T07:27:07.424030Z
1279,11230,4,30,15,18,SOFT,0.0,2026-07-26T07:27:07.424030Z
1279,11230,4,41,16,19,SOFT,0.0,2026-07-26T07:27:07.424030Z
1279,11230,4,44,14,17,SOFT,0.0,2026-07-26T07:27:07.424030Z
1279,11230,4,16,14,16,SOFT,0.0,2026-07-26T07:27:07.424030Z
1279,11230,3,12,9,11,SOFT,0.0,2026-07-26T07:27:07.424030Z
1279,11230,5,63,12,14,SOFT,3.0,2026-07-26T07:27:07.424030Z
1279,11230,4,1,16,18,SOFT,4.0,2026-07-26T07:27:07.424030Z
1279,11230,4,6,10,12,SOFT,3.0,2026-07-26T07:27:07.424030Z
1279,11230,4,12,12,13,SOFT,0.0,2026-07-26T07:27:07.424030Z
1279,11230,6,63,15,16,SOFT,0.0,2026-07-26T07:27:07.424030Z
1279,11230,5,6,13,13,SOFT,0.0,2026-07-26T07:27:07.424030Z
1279,11230,5,81,18,20,SOFT,0.0,2026-07-26T07:27:07.424030Z
1279,11230,5,16,17,18,SOFT,0.0,2026-07-26T07:27:07.424030Z
1279,11230,5,44,18,19,SOFT,0.0,2026-07-26T07:27:07.424030Z
1279,11230,5,1,19,20,SOFT,0.0,2026-07-26T07:27:07.424030Z
1279,11230,5,12,14,15,SOFT,1.0,2026-07-26T07:27:07.424030Z
1279,11230,5,41,20,21,SOFT,4.0,2026-07-26T07:27:07.424030Z
1279,11230,5,30,19,20,SOFT,4.0,2026-07-26T07:27:07.424030Z
1279,11230,7,63,17,19,SOFT,1.0,2026-07-26T07:27:07.424030Z
1279,11230,6,81,21,23,SOFT,0.0,2026-07-26T07:27:07.424030Z
1279,11230,6,16,19,21,SOFT,2.0,2026-07-26T07:27:07.424030Z
1279,11230,6,6,14,16,SOFT,0.0,2026-07-26T07:27:07.424030Z
1279,11230,6,1,21,23,SOFT,0.0,2026-07-26T07:27:07.424030Z
1279,11230,6,44,20,22,SOFT,2.0,2026-07-26T07:27:07.424030Z
1279,11230,6,12,16,18,SOFT,0.0,2026-07-26T07:27:07.424030Z
1279,11230,8,63,20,22,SOFT,0.0,2026-07-26T07:27:07.424030Z
1279,11230,7,81,24,26,SOFT,0.0,2026-07-26T07:27:07.424030Z
1279,11230,7,16,22,24,SOFT,0.0,2026-07-26T07:27:07.424030Z
1279,11230,7,6,17,19,SOFT,0.0,2026-07-26T07:27:07.424030Z
1279,11230,7,1,24,26,SOFT,0.0,2026-07-26T07:27:07.424030Z
1279,11230,7,44,23,25,SOFT,0.0,2026-07-26T07:27:07.424030Z
1279,11230,6,41,22,25,SOFT,0.0,2026-07-26T07:27:07.424030Z
1279,11230,6,30,21,24,SOFT,0.0,2026-07-26T07:27:07.424030Z
1279,11234,1,27,1,1,HARD,0.0,2026-07-26T07:27:12.103763Z
1279,11234,1,43,1,8,HARD,0.0,2026-07-26T07:27:12.103763Z
1279,11234,1,6,1,10,MEDIUM,0.0,2026-07-26T07:27:12.103763Z
1279,11234,1,1,1,10,MEDIUM,0.0,2026-07-26T07:27:12.103763Z
1279,11234,1,31,1,10,,2.0,2026-07-26T07:27:12.103763Z
1279,11234,1,10,1,10,,2.0,2026-07-26T07:27:12.103763Z
1279,11234,1,55,1,10,SOFT,0.0,2026-07-26T07:27:12.103763Z
1279,11234,1,30,1,10,,2.0,2026-07-26T07:27:12.103763Z
1279,11234,1,14,1,10,SOFT,0.0,2026-07-26T07:27:12.103763Z
1279,11234,1,18,1,10,MEDIUM,0.0,2026-07-26T07:27:12.103763Z
1279,11234,1,63,1,11,,2.0,2026-07-26T07:27:12.103763Z
1279,11234,1,12,1,11,MEDIUM,0.0,2026-07-26T07:27:12.103763Z
1279,11234,1,23,1,11,,2.0,2026-07-26T07:27:12.103763Z
1279,11234,1,77,1,11,HARD,0.0,2026-07-26T07:27:12.103763Z
1279,11234,2,77,12,15,HARD,12.0,2026-07-26T07:27:12.103763Z
1279,11234,1,41,1,17,MEDIUM,0.0,2026-07-26T07:27:12.103763Z
1279,11234,1,87,1,17,MEDIUM,0.0,2026-07-26T07:27:12.103763Z
1279,11234,1,3,1,17,HARD,0.0,2026-07-26T07:27:12.103763Z
1279,11234,1,5,1,17,MEDIUM,0.0,2026-07-26T07:27:12.103763Z
1279,11234,1,11,1,17,,2.0,2026-07-26T07:27:12.103763Z
1279,11234,2,14,11,12,SOFT,0.0,2026-07-26T07:27:12.103763Z
1279,11234,1,16,1,24,MEDIUM,0.0,2026-07-26T07:27:12.103763Z
1279,11234,2,18,11,25,HARD,0.0,2026-07-26T07:27:12.103763Z
1279,11234,1,44,1,27,MEDIUM,0.0,2026-07-26T07:27:12.103763Z
1279,11234,3,14,13,21,SOFT,2.0,2026-07-26T07:27:12.103763Z
1279,11234,2,5,18,32,HARD,0.0,2026-07-26T07:27:12.103763Z
1279,11234,2,23,12,32,HARD,0.0,2026-07-26T07:27:12.103763Z
1279,11234,2,30,11,32,HARD,0.0,2026-07-26T07:27:12.103763Z
1279,11234,2,55,11,32,HARD,0.0,2026-07-26T07:27:12.103763Z
1279,11234,2,1,11,33,HARD,0.0,2026-07-26T07:27:12.103763Z
1279,11234,2,3,18,40,MEDIUM,0.0,2026-07-26T07:27:12.103763Z
1279,11234,2,11,18,42,HARD,0.0,2026-07-26T07:27:12.103763Z
1279,11234,3,55,33,44,MEDIUM,0.0,2026-07-26T07:27:12.103763Z
1279,11234,2,43,9,45,HARD,9.0,2026-07-26T07:27:12.103763Z
1279,11234,3,18,26,33,SOFT,0.0,2026-07-26T07:27:12.103763Z
1279,11234,4,18,34,38,SOFT,0.0,2026-07-26T07:27:12.103763Z
1279,11234,2,63,12,58,HARD,0.0,2026-07-26T07:27:12.103763Z
1279,11234,2,12,12,58,HARD,0.0,2026-07-26T07:27:12.103763Z
1279,11234,2,87,18,57,HARD,0.0,2026-07-26T07:27:12.103763Z
1279,11234,3,11,43,55,SOFT,0.0,2026-07-26T07:27:12.103763Z
1279,11234,3,43,46,56,SOFT,0.0,2026-07-26T07:27:12.103763Z
1279,11234,2,41,18,57,HARD,0.0,2026-07-26T07:27:12.103763Z
1279,11234,3,5,33,57,HARD,0.0,2026-07-26T07:27:12.103763Z
1279,11234,2,16,25,58,HARD,0.0,2026-07-26T07:27:12.103763Z
1279,11234,2,44,28,58,HARD,0.0,2026-07-26T07:27:12.103763Z
1279,11234,2,10,11,57,HARD,0.0,2026-07-26T07:27:12.103763Z
1279,11234,2,31,11,57,HARD,0.0,2026-07-26T07:27:12.103763Z
1279,11234,4,55,45,56,SOFT,0.0,2026-07-26T07:27:12.103763Z
1279,11234,3,1,34,58,MEDIUM,0.0,2026-07-26T07:27:12.103763Z
1279,11234,3,3,41,58,HARD,0.0,2026-07-26T07:27:12.103763Z
1279,11234,3,23,33,57,SOFT,0.0,2026-07-26T07:27:12.103763Z
1279,11234,3,30,33,57,SOFT,0.0,2026-07-26T07:27:12.103763Z
1279,11234,5,18,39,43,SOFT,0.0,2026-07-26T07:27:12.103763Z
1280,11245,1,6,1,1,SOFT,3.0,2026-07-26T07:28:14.218690Z
1280,11245,1,3,1,9,SOFT,3.0,2026-07-26T07:28:14.218690Z
1280,11245,1,55,1,9,MEDIUM,0.0,2026-07-26T07:28:14.218690Z
1280,11245,1,11,1,11,MEDIUM,0.0,2026-07-26T07:28:14.218690Z
1280,11245,1,77,1,10,MEDIUM,0.0,2026-07-26T07:28:14.218690Z
1280,11245,1,81,1,1,MEDIUM,0.0,2026-07-26T07:28:14.218690Z
1280,11245,1,23,1,1,HARD,0.0,2026-07-26T07:28:14.218690Z
1280,11245,1,14,1,31,HARD,0.0,2026-07-26T07:28:14.218690Z
1280,11245,1,41,1,42,HARD,0.0,2026-07-26T07:28:14.218690Z
1280,11245,1,12,1,10,MEDIUM,0.0,2026-07-26T07:28:14.218690Z
1280,11245,1,63,1,10,MEDIUM,0.0,2026-07-26T07:28:14.218690Z
1280,11245,1,87,1,10,MEDIUM,0.0,2026-07-26T07:28:14.218690Z
1280,11245,1,18,1,9,HARD,0.0,2026-07-26T07:28:14.218690Z
1280,11245,1,31,1,29,HARD,0.0,2026-07-26T07:28:14.218690Z
1280,11245,1,30,1,9,MEDIUM,0.0,2026-07-26T07:28:14.218690Z
1280,11245,1,10,1,10,MEDIUM,0.0,2026-07-26T07:28:14.218690Z
1280,11245,1,1,1,1,HARD,0.0,2026-07-26T07:28:14.218690Z
1280,11245,1,43,1,32,HARD,0.0,2026-07-26T07:28:14.218690Z
1280,11245,1,5,1,1,HARD,0.0,2026-07-26T07:28:14.218690Z
1280,11245,1,16,1,10,MEDIUM,0.0,2026-07-26T07:28:14.218690Z
1280,11245,1,27,1,35,HARD,0.0,2026-07-26T07:28:14.218690Z
1280,11245,1,44,1,10,MEDIUM,0.0,2026-07-26T07:28:14.218690Z
1280,11245,2,6,2,10,HARD,0.0,2026-07-26T07:28:14.218690Z
1280,11245,2,30,10,56,HARD,0.0,2026-07-26T07:28:14.218690Z
1280,11245,2,55,10,55,HARD,0.0,2026-07-26T07:28:14.218690Z
1280,11245,2,3,10,45,HARD,0.0,2026-07-26T07:28:14.218690Z
1280,11245,2,12,11,56,HARD,0.0,2026-07-26T07:28:14.218690Z
1280,11245,2,44,11,56,HARD,0.0,2026-07-26T07:28:14.218690Z
1280,11245,2,63,11,56,HARD,0.0,2026-07-26T07:28:14.218690Z
1280,11245,2,16,11,56,HARD,0.0,2026-07-26T07:28:14.218690Z
1280,11245,2,10,11,56,HARD,0.0,2026-07-26T07:28:14.218690Z
1280,11245,2,87,11,56,HARD,0.0,2026-07-26T07:28:14.218690Z
1280,11245,2,77,11,55,HARD,0.0,2026-07-26T07:28:14.218690Z
1280,11245,3,6,11,56,HARD,0.0,2026-07-26T07:28:14.218690Z
1280,11245,2,11,12,55,HARD,0.0,2026-07-26T07:28:14.218690Z
1280,11245,2,31,30,46,MEDIUM,0.0,2026-07-26T07:28:14.218690Z
1280,11245,2,14,32,32,MEDIUM,0.0,2026-07-26T07:28:14.218690Z
1280,11245,2,43,33,55,MEDIUM,0.0,2026-07-26T07:28:14.218690Z
1280,11245,2,27,36,55,MEDIUM,0.0,2026-07-26T07:28:14.218690Z
1280,11245,2,41,43,55,MEDIUM,0.0,2026-07-26T07:28:14.218690Z
1280,11245,3,31,47,55,SOFT,0.0,2026-07-26T07:28:14.218690Z
1281,11249,1,55,1,3,SOFT,0.0,2026-07-26T07:29:03.168584Z
1281,11249,1,23,1,3,SOFT,0.0,2026-07-26T07:29:03.168584Z
1281,11249,1,18,1,3,SOFT,0.0,2026-07-26T07:29:03.168584Z
1281,11249,1,14,1,3,SOFT,0.0,2026-07-26T07:29:03.168584Z
1281,11249,1,77,1,3,SOFT,0.0,2026-07-26T07:29:03.168584Z
1281,11249,1,3,1,3,SOFT,0.0,2026-07-26T07:29:03.168584Z
1281,11249,1,6,1,3,SOFT,0.0,2026-07-26T07:29:03.168584Z
1281,11249,1,63,1,3,SOFT,0.0,2026-07-26T07:29:03.168584Z
1281,11249,1,31,1,6,SOFT,0.0,2026-07-26T07:29:03.168584Z
1281,11249,1,87,1,6,SOFT,0.0,2026-07-26T07:29:03.168584Z
1281,11249,1,11,1,3,SOFT,0.0,2026-07-26T07:29:03.168584Z
1281,11249,2,55,4,6,SOFT,0.0,2026-07-26T07:29:03.168584Z
1281,11249,1,41,1,6,SOFT,0.0,2026-07-26T07:29:03.168584Z
1281,11249,2,23,4,6,SOFT,0.0,2026-07-26T07:29:03.168584Z
1281,11249,1,30,1,6,SOFT,0.0,2026-07-26T07:29:03.168584Z
1281,11249,2,18,4,6,SOFT,0.0,2026-07-26T07:29:03.168584Z
1281,11249,2,14,4,6,SOFT,0.0,2026-07-26T07:29:03.168584Z
1281,11249,1,27,1,5,SOFT,0.0,2026-07-26T07:29:03.168584Z
1281,11249,1,5,1,5,SOFT,0.0,2026-07-26T07:29:03.168584Z
1281,11249,1,1,1,5,SOFT,0.0,2026-07-26T07:29:03.168584Z
1281,11249,1,10,1,3,SOFT,0.0,2026-07-26T07:29:03.168584Z
1281,11249,1,43,1,3,SOFT,0.0,2026-07-26T07:29:03.168584Z
1281,11249,2,77,4,6,SOFT,0.0,2026-07-26T07:29:03.168584Z
1281,11249,1,81,1,5,SOFT,0.0,2026-07-26T07:29:03.168584Z
1281,11249,2,87,7,9,SOFT,0.0,2026-07-26T07:29:03.168584Z
1281,11249,2,11,4,6,SOFT,0.0,2026-07-26T07:29:03.168584Z
1281,11249,3,23,7,9,SOFT,0.0,2026-07-26T07:29:03.168584Z
1281,11249,3,18,7,9,SOFT,0.0,2026-07-26T07:29:03.168584Z
1281,11249,3,14,7,9,SOFT,0.0,2026-07-26T07:29:03.168584Z
1281,11249,3,77,7,9,SOFT,0.0,2026-07-26T07:29:03.168584Z
1281,11249,1,12,1,3,SOFT,0.0,2026-07-26T07:29:03.168584Z
1281,11249,2,63,4,6,SOFT,0.0,2026-07-26T07:29:03.168584Z
1281,11249,1,44,1,6,SOFT,0.0,2026-07-26T07:29:03.168584Z
1281,11249,1,16,1,6,SOFT,0.0,2026-07-26T07:29:03.168584Z
1281,11249,2,3,4,6,SOFT,3.0,2026-07-26T07:29:03.168584Z
1281,11249,2,6,4,6,SOFT,3.0,2026-07-26T07:29:03.168584Z
1281,11249,2,41,7,9,SOFT,0.0,2026-07-26T07:29:03.168584Z
1281,11249,2,27,6,8,SOFT,0.0,2026-07-26T07:29:03.168584Z
1281,11249,2,30,7,9,SOFT,0.0,2026-07-26T07:29:03.168584Z
1281,11249,2,5,6,8,SOFT,0.0,2026-07-26T07:29:03.168584Z
1281,11249,3,55,7,9,SOFT,0.0,2026-07-26T07:29:03.168584Z
1281,11249,2,43,4,6,SOFT,0.0,2026-07-26T07:29:03.168584Z
1281,11249,2,10,4,6,SOFT,0.0,2026-07-26T07:29:03.168584Z
1281,11249,2,31,7,9,SOFT,0.0,2026-07-26T07:29:03.168584Z
1281,11249,2,81,6,8,SOFT,5.0,2026-07-26T07:29:03.168584Z
1281,11249,2,1,6,8,SOFT,5.0,2026-07-26T07:29:03.168584Z
1281,11249,3,63,7,9,SOFT,6.0,2026-07-26T07:29:03.168584Z
1281,11249,2,44,7,9,SOFT,6.0,2026-07-26T07:29:03.168584Z
1281,11249,2,16,7,9,SOFT,6.0,2026-07-26T07:29:03.168584Z
1281,11249,3,3,7,9,SOFT,0.0,2026-07-26T07:29:03.168584Z
1281,11249,3,6,7,9,SOFT,0.0,2026-07-26T07:29:03.168584Z
1281,11249,3,1,9,11,SOFT,0.0,2026-07-26T07:29:03.168584Z
1281,11249,3,81,9,11,SOFT,0.0,2026-07-26T07:29:03.168584Z
1281,11249,3,31,10,12,SOFT,0.0,2026-07-26T07:29:03.168584Z
1281,11249,3,10,7,9,SOFT,0.0,2026-07-26T07:29:03.168584Z
1281,11249,3,27,9,11,SOFT,0.0,2026-07-26T07:29:03.168584Z
1281,11249,3,43,7,9,SOFT,0.0,2026-07-26T07:29:03.168584Z
1281,11249,3,5,9,11,SOFT,0.0,2026-07-26T07:29:03.168584Z
1281,11249,3,41,10,12,SOFT,0.0,2026-07-26T07:29:03.168584Z
1281,11249,4,55,10,12,SOFT,3.0,2026-07-26T07:29:03.168584Z
1281,11249,3,30,10,12,SOFT,0.0,2026-07-26T07:29:03.168584Z
1281,11249,2,12,4,6,SOFT,3.0,2026-07-26T07:29:03.168584Z
1281,11249,4,3,10,12,SOFT,0.0,2026-07-26T07:29:03.168584Z
1281,11249,4,31,13,15,SOFT,0.0,2026-07-26T07:29:03.168584Z
1281,11249,4,27,12,14,SOFT,0.0,2026-07-26T07:29:03.168584Z
1281,11249,4,43,10,12,SOFT,0.0,2026-07-26T07:29:03.168584Z
1281,11249,5,55,13,15,SOFT,0.0,2026-07-26T07:29:03.168584Z
1281,11249,4,30,13,15,SOFT,0.0,2026-07-26T07:29:03.168584Z
1281,11249,3,12,7,9,SOFT,0.0,2026-07-26T07:29:03.168584Z
1281,11249,4,63,10,15,SOFT,0.0,2026-07-26T07:29:03.168584Z
1281,11249,4,5,12,14,SOFT,0.0,2026-07-26T07:29:03.168584Z
1281,11249,4,10,10,12,SOFT,0.0,2026-07-26T07:29:03.168584Z
1281,11249,4,41,13,15,SOFT,0.0,2026-07-26T07:29:03.168584Z
1281,11249,4,1,12,14,SOFT,0.0,2026-07-26T07:29:03.168584Z
1281,11249,4,81,12,14,SOFT,3.0,2026-07-26T07:29:03.168584Z
1281,11249,3,44,10,14,SOFT,0.0,2026-07-26T07:29:03.168584Z
1281,11249,3,16,10,12,SOFT,0.0,2026-07-26T07:29:03.168584Z
1281,11249,4,6,10,12,SOFT,0.0,2026-07-26T07:29:03.168584Z
1281,11249,4,12,10,12,SOFT,0.0,2026-07-26T07:29:03.168584Z
1281,11249,5,63,16,18,SOFT,0.0,2026-07-26T07:29:03.168584Z
1281,11249,5,1,15,17,SOFT,0.0,2026-07-26T07:29:03.168584Z
1281,11249,5,81,15,17,SOFT,0.0,2026-07-26T07:29:03.168584Z
1281,11249,5,6,13,15,SOFT,0.0,2026-07-26T07:29:03.168584Z
1281,11249,4,44,15,17,SOFT,0.0,2026-07-26T07:29:03.168584Z
1281,11249,5,5,15,17,SOFT,3.0,2026-07-26T07:29:03.168584Z
1281,11249,5,41,16,18,SOFT,3.0,2026-07-26T07:29:03.168584Z
1281,11249,5,10,13,15,SOFT,3.0,2026-07-26T07:29:03.168584Z
1281,11249,4,16,13,15,SOFT,0.0,2026-07-26T07:29:03.168584Z
1281,11249,6,6,16,17,SOFT,0.0,2026-07-26T07:29:03.168584Z
1281,11249,5,12,13,15,SOFT,0.0,2026-07-26T07:29:03.168584Z
1281,11249,6,63,19,21,SOFT,0.0,2026-07-26T07:29:03.168584Z
1281,11249,6,1,18,20,SOFT,0.0,2026-07-26T07:29:03.168584Z
1281,11249,6,81,18,20,SOFT,0.0,2026-07-26T07:29:03.168584Z
1281,11249,5,44,18,20,SOFT,0.0,2026-07-26T07:29:03.168584Z
1281,11249,6,5,18,20,SOFT,0.0,2026-07-26T07:29:03.168584Z
1281,11249,6,41,19,21,SOFT,0.0,2026-07-26T07:29:03.168584Z
1281,11249,6,10,16,18,SOFT,0.0,2026-07-26T07:29:03.168584Z
1281,11249,5,16,16,18,SOFT,0.0,2026-07-26T07:29:03.168584Z
1281,11253,1,1,1,16,MEDIUM,0.0,2026-07-26T07:29:08.019047Z
1281,11253,1,87,1,16,MEDIUM,0.0,2026-07-26T07:29:08.019047Z
1281,11253,1,16,1,17,MEDIUM,0.0,2026-07-26T07:29:08.019047Z
1281,11253,1,43,1,17,MEDIUM,0.0,2026-07-26T07:29:08.019047Z
1281,11253,1,81,1,18,MEDIUM,0.0,2026-07-26T07:29:08.019047Z
1281,11253,1,41,1,18,MEDIUM,0.0,2026-07-26T07:29:08.019047Z
1281,11253,1,31,1,19,MEDIUM,0.0,2026-07-26T07:29:08.019047Z
1281,11253,1,6,1,19,MEDIUM,0.0,2026-07-26T07:29:08.019047Z
1281,11253,1,77,1,19,HARD,0.0,2026-07-26T07:29:08.019047Z
1281,11253,2,87,17,20,HARD,0.0,2026-07-26T07:29:08.019047Z
1281,11253,1,63,1,21,MEDIUM,0.0,2026-07-26T07:29:08.019047Z
1281,11253,1,11,1,21,MEDIUM,0.0,2026-07-26T07:29:08.019047Z
1281,11253,1,18,1,21,MEDIUM,0.0,2026-07-26T07:29:08.019047Z
1281,11253,1,14,1,21,MEDIUM,0.0,2026-07-26T07:29:08.019047Z
1281,11253,1,12,1,22,MEDIUM,0.0,2026-07-26T07:29:08.019047Z
1281,11253,1,44,1,22,MEDIUM,0.0,2026-07-26T07:29:08.019047Z
1281,11253,1,10,1,22,MEDIUM,0.0,2026-07-26T07:29:08.019047Z
1281,11253,1,3,1,22,MEDIUM,0.0,2026-07-26T07:29:08.019047Z
1281,11253,1,30,1,22,MEDIUM,0.0,2026-07-26T07:29:08.019047Z
1281,11253,1,5,1,22,MEDIUM,0.0,2026-07-26T07:29:08.019047Z
1281,11253,1,55,1,22,MEDIUM,0.0,2026-07-26T07:29:08.019047Z
1281,11253,1,23,1,22,MEDIUM,0.0,2026-07-26T07:29:08.019047Z
1281,11253,1,27,1,23,MEDIUM,0.0,2026-07-26T07:29:08.019047Z
1281,11253,2,14,22,23,HARD,0.0,2026-07-26T07:29:08.019047Z
1281,11253,2,18,22,24,HARD,0.0,2026-07-26T07:29:08.019047Z
1281,11253,3,18,25,30,MEDIUM,0.0,2026-07-26T07:29:08.019047Z
1281,11253,2,23,23,45,HARD,0.0,2026-07-26T07:29:08.019047Z
1281,11253,3,23,46,46,SOFT,0.0,2026-07-26T07:29:08.019047Z
1281,11253,4,23,47,47,SOFT,1.0,2026-07-26T07:29:08.019047Z
1281,11253,5,23,48,48,SOFT,2.0,2026-07-26T07:29:08.019047Z
1281,11253,6,23,49,49,SOFT,3.0,2026-07-26T07:29:08.019047Z
1281,11253,2,12,23,53,HARD,0.0,2026-07-26T07:29:08.019047Z
1281,11253,7,23,50,51,MEDIUM,0.0,2026-07-26T07:29:08.019047Z
1281,11253,2,81,19,53,HARD,0.0,2026-07-26T07:29:08.019047Z
1281,11253,2,16,18,53,HARD,0.0,2026-07-26T07:29:08.019047Z
1281,11253,2,63,22,53,HARD,0.0,2026-07-26T07:29:08.019047Z
1281,11253,2,1,17,53,HARD,0.0,2026-07-26T07:29:08.019047Z
1281,11253,2,44,23,53,HARD,0.0,2026-07-26T07:29:08.019047Z
1281,11253,3,14,24,52,MEDIUM,0.0,2026-07-26T07:29:08.019047Z
1281,11253,2,10,23,53,HARD,0.0,2026-07-26T07:29:08.019047Z
1281,11253,2,3,23,53,HARD,0.0,2026-07-26T07:29:08.019047Z
1281,11253,2,77,20,52,MEDIUM,0.0,2026-07-26T07:29:08.019047Z
1281,11253,2,30,23,53,HARD,0.0,2026-07-26T07:29:08.019047Z
1281,11253,2,31,20,53,HARD,0.0,2026-07-26T07:29:08.019047Z
1281,11253,2,27,24,53,HARD,0.0,2026-07-26T07:29:08.019047Z
1281,11253,2,6,20,53,HARD,0.0,2026-07-26T07:29:08.019047Z
1281,11253,2,5,23,53,HARD,0.0,2026-07-26T07:29:08.019047Z
1281,11253,2,41,19,53,HARD,0.0,2026-07-26T07:29:08.019047Z
1281,11253,2,55,23,53,HARD,0.0,2026-07-26T07:29:08.019047Z
1281,11253,2,43,18,53,HARD,0.0,2026-07-26T07:29:08.019047Z
1281,11253,2,11,22,53,HARD,0.0,2026-07-26T07:29:08.019047Z
1284,11270,1,63,1,3,HARD,0.0,2026-07-26T07:31:11.950173Z
1284,11270,1,6,1,5,HARD,0.0,2026-07-26T07:31:11.950173Z
1284,11270,1,12,1,3,HARD,0.0,2026-07-26T07:31:11.950173Z
1284,11270,1,77,1,7,MEDIUM,0.0,2026-07-26T07:31:11.950173Z
1284,11270,1,55,1,9,HARD,0.0,2026-07-26T07:31:11.950173Z
1284,11270,1,23,1,9,HARD,0.0,2026-07-26T07:31:11.950173Z
1284,11270,1,31,1,9,HARD,0.0,2026-07-26T07:31:11.950173Z
1284,11270,2,12,4,6,HARD,3.0,2026-07-26T07:31:11.950173Z
1284,11270,1,87,1,9,HARD,0.0,2026-07-26T07:31:11.950173Z
1284,11270,1,16,1,10,HARD,0.0,2026-07-26T07:31:11.950173Z
1284,11270,1,3,1,7,HARD,0.0,2026-07-26T07:31:11.950173Z
1284,11270,1,30,1,11,HARD,0.0,2026-07-26T07:31:11.950173Z
1284,11270,2,63,4,5,HARD,3.0,2026-07-26T07:31:11.950173Z
1284,11270,1,14,1,1,HARD,0.0,2026-07-26T07:31:11.950173Z
1284,11270,1,18,1,1,HARD,0.0,2026-07-26T07:31:11.950173Z
1284,11270,2,6,6,8,HARD,5.0,2026-07-26T07:31:11.950173Z
1284,11270,2,3,8,10,MEDIUM,0.0,2026-07-26T07:31:11.950173Z
1284,11270,1,1,1,9,HARD,0.0,2026-07-26T07:31:11.950173Z
1284,11270,1,43,1,11,HARD,0.0,2026-07-26T07:31:11.950173Z
1284,11270,1,27,1,9,HARD,0.0,2026-07-26T07:31:11.950173Z
1284,11270,2,23,10,11,HARD,9.0,2026-07-26T07:31:11.950173Z
1284,11270,1,44,1,10,HARD,0.0,2026-07-26T07:31:11.950173Z
1284,11270,1,81,1,9,HARD,0.0,2026-07-26T07:31:11.950173Z
1284,11270,3,12,7,9,HARD,6.0,2026-07-26T07:31:11.950173Z
1284,11270,2,16,11,13,HARD,10.0,2026-07-26T07:31:11.950173Z
1284,11270,2,55,10,11,HARD,9.0,2026-07-26T07:31:11.950173Z
1284,11270,2,30,12,14,HARD,0.0,2026-07-26T07:31:11.950173Z
1284,11270,2,87,10,12,HARD,9.0,2026-07-26T07:31:11.950173Z
1284,11270,1,41,1,15,HARD,0.0,2026-07-26T07:31:11.950173Z
1284,11270,1,10,1,10,HARD,0.0,2026-07-26T07:31:11.950173Z
1284,11270,2,44,11,14,HARD,0.0,2026-07-26T07:31:11.950173Z
1284,11270,3,63,6,11,HARD,0.0,2026-07-26T07:31:11.950173Z
1284,11270,2,77,8,10,MEDIUM,7.0,2026-07-26T07:31:11.950173Z
1284,11270,2,31,10,12,HARD,9.0,2026-07-26T07:31:11.950173Z
1284,11270,3,3,11,13,MEDIUM,0.0,2026-07-26T07:31:11.950173Z
1284,11270,3,6,9,14,MEDIUM,0.0,2026-07-26T07:31:11.950173Z
1284,11270,3,55,12,16,HARD,0.0,2026-07-26T07:31:11.950173Z
1284,11270,2,14,2,8,HARD,1.0,2026-07-26T07:31:11.950173Z
1284,11270,2,18,2,9,HARD,1.0,2026-07-26T07:31:11.950173Z
1284,11270,3,23,12,20,HARD,0.0,2026-07-26T07:31:11.950173Z
1284,11270,2,43,12,12,HARD,0.0,2026-07-26T07:31:11.950173Z
1284,11270,1,11,1,7,MEDIUM,0.0,2026-07-26T07:31:11.950173Z
1284,11270,2,27,10,15,HARD,0.0,2026-07-26T07:31:11.950173Z
1284,11270,3,16,14,19,HARD,0.0,2026-07-26T07:31:11.950173Z
1284,11270,3,44,15,17,HARD,0.0,2026-07-26T07:31:11.950173Z
1284,11270,2,81,10,14,HARD,1.0,2026-07-26T07:31:11.950173Z
1284,11270,2,1,10,16,HARD,9.0,2026-07-26T07:31:11.950173Z
1284,11270,4,12,10,24,HARD,0.0,2026-07-26T07:31:11.950173Z
1284,11270,3,18,10,14,SOFT,0.0,2026-07-26T07:31:11.950173Z
1284,11270,4,55,17,18,HARD,0.0,2026-07-26T07:31:11.950173Z
1284,11270,1,5,1,12,HARD,0.0,2026-07-26T07:31:11.950173Z
1284,11270,4,23,21,22,HARD,0.0,2026-07-26T07:31:11.950173Z
1284,11270,2,41,16,24,HARD,0.0,2026-07-26T07:31:11.950173Z
1284,11270,3,87,13,24,HARD,0.0,2026-07-26T07:31:11.950173Z
1284,11270,3,77,11,20,MEDIUM,10.0,2026-07-26T07:31:11.950173Z
1284,11270,3,30,15,28,HARD,0.0,2026-07-26T07:31:11.950173Z
1284,11270,3,31,13,23,HARD,12.0,2026-07-26T07:31:11.950173Z
1284,11270,4,30,29,32,MEDIUM,0.0,2026-07-26T07:31:11.950173Z
1284,11270,4,18,15,19,SOFT,5.0,2026-07-26T07:31:11.950173Z
1284,11270,4,63,12,24,HARD,0.0,2026-07-26T07:31:11.950173Z
1284,11270,4,3,14,30,MEDIUM,0.0,2026-07-26T07:31:11.950173Z
1284,11270,3,81,15,24,HARD,16.0,2026-07-26T07:31:11.950173Z
1284,11270,4,31,24,26,MEDIUM,0.0,2026-07-26T07:31:11.950173Z
1284,11270,4,16,20,30,HARD,0.0,2026-07-26T07:31:11.950173Z
1284,11270,4,87,25,27,MEDIUM,0.0,2026-07-26T07:31:11.950173Z
1284,11270,3,27,16,25,HARD,0.0,2026-07-26T07:31:11.950173Z
1284,11270,4,6,15,30,MEDIUM,0.0,2026-07-26T07:31:11.950173Z
1284,11270,2,10,11,24,HARD,0.0,2026-07-26T07:31:11.950173Z
1284,11270,3,14,9,20,SOFT,0.0,2026-07-26T07:31:11.950173Z
1284,11270,2,5,13,18,HARD,0.0,2026-07-26T07:31:11.950173Z
1284,11270,3,43,13,24,HARD,0.0,2026-07-26T07:31:11.950173Z
1284,11270,4,44,18,28,HARD,17.0,2026-07-26T07:31:11.950173Z
1284,11270,3,1,17,26,HARD,16.0,2026-07-26T07:31:11.950173Z
1284,11270,3,41,25,32,MEDIUM,0.0,2026-07-26T07:31:11.950173Z
1284,11270,2,11,8,17,MEDIUM,0.0,2026-07-26T07:31:11.950173Z
1284,11270,4,77,21,25,SOFT,0.0,2026-07-26T07:31:11.950173Z
1284,11270,5,18,20,22,MEDIUM,0.0,2026-07-26T07:31:11.950173Z
1284,11270,5,23,23,31,HARD,0.0,2026-07-26T07:31:11.950173Z
1284,11270,5,55,19,29,HARD,0.0,2026-07-26T07:31:11.950173Z
1284,11270,5,63,25,27,SOFT,0.0,2026-07-26T07:31:11.950173Z
1284,11270,5,6,31,33,SOFT,0.0,2026-07-26T07:31:11.950173Z
1284,11270,3,5,19,21,SOFT,0.0,2026-07-26T07:31:11.950173Z
1284,11270,5,87,28,30,SOFT,0.0,2026-07-26T07:31:11.950173Z
1284,11270,3,11,18,20,SOFT,0.0,2026-07-26T07:31:11.950173Z
1284,11270,4,27,26,28,SOFT,0.0,2026-07-26T07:31:11.950173Z
1284,11270,4,43,25,29,SOFT,0.0,2026-07-26T07:31:11.950173Z
1284,11270,5,30,33,37,MEDIUM,4.0,2026-07-26T07:31:11.950173Z
1284,11270,3,10,25,30,SOFT,0.0,2026-07-26T07:31:11.950173Z
1284,11270,6,63,28,30,SOFT,3.0,2026-07-26T07:31:11.950173Z
1284,11270,5,44,29,35,SOFT,0.0,2026-07-26T07:31:11.950173Z
1284,11270,6,18,23,28,MEDIUM,0.0,2026-07-26T07:31:11.950173Z
1284,11270,4,14,21,29,MEDIUM,0.0,2026-07-26T07:31:11.950173Z
1284,11270,6,87,31,35,SOFT,0.0,2026-07-26T07:31:11.950173Z
1284,11270,5,43,30,33,HARD,24.0,2026-07-26T07:31:11.950173Z
1284,11270,5,77,26,33,SOFT,0.0,2026-07-26T07:31:11.950173Z
1284,11270,4,11,21,25,SOFT,3.0,2026-07-26T07:31:11.950173Z
1284,11270,5,27,29,33,SOFT,3.0,2026-07-26T07:31:11.950173Z
1284,11270,5,31,27,36,SOFT,0.0,2026-07-26T07:31:11.950173Z
1284,11270,4,41,33,41,MEDIUM,8.0,2026-07-26T07:31:11.950173Z
1284,11270,5,16,31,41,SOFT,0.0,2026-07-26T07:31:11.950173Z
1284,11270,4,81,25,35,SOFT,17.0,2026-07-26T07:31:11.950173Z
1284,11270,4,5,22,28,SOFT,0.0,2026-07-26T07:31:11.950173Z
1284,11270,4,1,27,35,SOFT,0.0,2026-07-26T07:31:11.950173Z
1284,11270,6,55,30,37,SOFT,0.0,2026-07-26T07:31:11.950173Z
1284,11270,6,6,34,40,SOFT,3.0,2026-07-26T07:31:11.950173Z
1284,11270,5,3,31,41,SOFT,0.0,2026-07-26T07:31:11.950173Z
1284,11270,6,23,32,39,SOFT,0.0,2026-07-26T07:31:11.950173Z
1284,11270,7,63,31,34,SOFT,6.0,2026-07-26T07:31:11.950173Z
1284,11270,4,10,31,34,HARD,24.0,2026-07-26T07:31:11.950173Z
1284,11270,6,30,38,41,MEDIUM,0.0,2026-07-26T07:31:11.950173Z
1284,11280,1,16,1,21,MEDIUM,0.0,2026-07-26T07:32:10.185067Z
1284,11280,1,3,1,6,MEDIUM,0.0,2026-07-26T07:32:10.185067Z
1284,11280,1,55,1,28,MEDIUM,0.0,2026-07-26T07:32:10.185067Z
1284,11280,1,44,1,27,MEDIUM,0.0,2026-07-26T07:32:10.185067Z
1284,11280,1,30,1,6,MEDIUM,0.0,2026-07-26T07:32:10.185067Z
1284,11280,1,41,1,28,MEDIUM,0.0,2026-07-26T07:32:10.185067Z
1284,11280,1,63,1,20,MEDIUM,0.0,2026-07-26T07:32:10.185067Z
1284,11280,1,12,1,26,MEDIUM,0.0,2026-07-26T07:32:10.185067Z
1284,11280,1,23,1,27,MEDIUM,3.0,2026-07-26T07:32:10.185067Z
1284,11280,1,14,1,41,MEDIUM,0.0,2026-07-26T07:32:10.185067Z
1284,11280,1,5,1,32,MEDIUM,0.0,2026-07-26T07:32:10.185067Z
1284,11280,1,27,1,1,MEDIUM,0.0,2026-07-26T07:32:10.185067Z
1284,11280,1,87,1,26,MEDIUM,0.0,2026-07-26T07:32:10.185067Z
1284,11280,1,11,1,29,MEDIUM,0.0,2026-07-26T07:32:10.185067Z
1284,11280,1,18,1,21,MEDIUM,0.0,2026-07-26T07:32:10.185067Z
1284,11280,1,31,1,31,MEDIUM,0.0,2026-07-26T07:32:10.185067Z
1284,11280,1,43,1,31,MEDIUM,0.0,2026-07-26T07:32:10.185067Z
1284,11280,1,1,1,27,MEDIUM,0.0,2026-07-26T07:32:10.185067Z
1284,11280,1,6,1,4,HARD,0.0,2026-07-26T07:32:10.185067Z
1284,11280,1,77,1,6,MEDIUM,0.0,2026-07-26T07:32:10.185067Z
1284,11280,1,10,1,4,MEDIUM,0.0,2026-07-26T07:32:10.185067Z
1284,11280,1,81,1,28,MEDIUM,0.0,2026-07-26T07:32:10.185067Z
1284,11280,2,27,2,7,MEDIUM,0.0,2026-07-26T07:32:10.185067Z
1284,11280,2,3,7,57,HARD,0.0,2026-07-26T07:32:10.185067Z
1284,11280,2,77,7,21,SOFT,0.0,2026-07-26T07:32:10.185067Z
1284,11280,2,63,21,57,HARD,0.0,2026-07-26T07:32:10.185067Z
1284,11280,2,16,22,57,HARD,0.0,2026-07-26T07:32:10.185067Z
1284,11280,2,18,22,37,SOFT,3.0,2026-07-26T07:32:10.185067Z
1284,11280,3,77,22,30,MEDIUM,0.0,2026-07-26T07:32:10.185067Z
1284,11280,2,12,27,57,HARD,0.0,2026-07-26T07:32:10.185067Z
1284,11280,2,87,27,56,HARD,0.0,2026-07-26T07:32:10.185067Z
1284,11280,2,1,28,57,HARD,0.0,2026-07-26T07:32:10.185067Z
1284,11280,2,44,28,57,HARD,0.0,2026-07-26T07:32:10.185067Z
1284,11280,2,23,28,57,HARD,0.0,2026-07-26T07:32:10.185067Z
1284,11280,2,81,29,57,HARD,0.0,2026-07-26T07:32:10.185067Z
1284,11280,2,55,29,57,HARD,0.0,2026-07-26T07:32:10.185067Z
1284,11280,2,41,29,56,HARD,0.0,2026-07-26T07:32:10.185067Z
1284,11280,2,11,30,56,HARD,0.0,2026-07-26T07:32:10.185067Z
1284,11280,4,77,31,55,MEDIUM,9.0,2026-07-26T07:32:10.185067Z
1284,11280,2,43,32,57,HARD,0.0,2026-07-26T07:32:10.185067Z
1284,11280,2,31,32,56,HARD,0.0,2026-07-26T07:32:10.185067Z
1284,11280,2,5,33,56,HARD,0.0,2026-07-26T07:32:10.185067Z
1284,11280,3,18,38,56,SOFT,0.0,2026-07-26T07:32:10.185067Z
1284,11280,2,14,42,56,SOFT,0.0,2026-07-26T07:32:10.185067Z
1285,11281,1,43,1,1,HARD,0.0,2026-07-26T07:32:13.954978Z
1285,11281,1,14,1,1,HARD,0.0,2026-07-26T07:32:13.954978Z
1285,11281,1,18,1,1,HARD,0.0,2026-07-26T07:32:13.954978Z
1285,11281,1,30,1,5,MEDIUM,0.0,2026-07-26T07:32:13.954978Z
1285,11281,1,3,1,5,HARD,0.0,2026-07-26T07:32:13.954978Z
1285,11281,1,55,1,6,HARD,0.0,2026-07-26T07:32:13.954978Z
1285,11281,1,1,1,5,HARD,0.0,2026-07-26T07:32:13.954978Z
1285,11281,1,81,1,5,HARD,0.0,2026-07-26T07:32:13.954978Z
1285,11281,1,23,1,7,HARD,0.0,2026-07-26T07:32:13.954978Z
1285,11281,1,5,1,6,HARD,0.0,2026-07-26T07:32:13.954978Z
1285,11281,1,63,1,6,HARD,0.0,2026-07-26T07:32:13.954978Z
1285,11281,2,55,7,7,HARD,6.0,2026-07-26T07:32:13.954978Z
1285,11281,1,27,1,5,HARD,0.0,2026-07-26T07:32:13.954978Z
1285,11281,1,12,1,6,HARD,0.0,2026-07-26T07:32:13.954978Z
1285,11281,1,16,1,7,HARD,0.0,2026-07-26T07:32:13.954978Z
1285,11281,1,44,1,6,HARD,0.0,2026-07-26T07:32:13.954978Z
1285,11281,1,31,1,3,HARD,0.0,2026-07-26T07:32:13.954978Z
1285,11281,2,14,2,7,HARD,0.0,2026-07-26T07:32:13.954978Z
1285,11281,2,1,6,6,HARD,0.0,2026-07-26T07:32:13.954978Z
1285,11281,1,87,1,3,HARD,0.0,2026-07-26T07:32:13.954978Z
1285,11281,2,31,4,4,HARD,3.0,2026-07-26T07:32:13.954978Z
1285,11281,2,18,2,7,HARD,1.0,2026-07-26T07:32:13.954978Z
1285,11281,1,11,1,7,SOFT,0.0,2026-07-26T07:32:13.954978Z
1285,11281,1,41,1,7,MEDIUM,0.0,2026-07-26T07:32:13.954978Z
1285,11281,1,77,1,6,MEDIUM,0.0,2026-07-26T07:32:13.954978Z
1285,11281,2,3,6,7,HARD,5.0,2026-07-26T07:32:13.954978Z
1285,11281,2,23,8,15,HARD,7.0,2026-07-26T07:32:13.954978Z
1285,11281,2,27,6,8,HARD,5.0,2026-07-26T07:32:13.954978Z
1285,11281,1,6,1,7,HARD,0.0,2026-07-26T07:32:13.954978Z
1285,11281,2,63,7,15,HARD,6.0,2026-07-26T07:32:13.954978Z
1285,11281,3,1,7,12,HARD,0.0,2026-07-26T07:32:13.954978Z
1285,11281,3,3,8,8,HARD,7.0,2026-07-26T07:32:13.954978Z
1285,11281,2,12,7,13,HARD,6.0,2026-07-26T07:32:13.954978Z
1285,11281,2,6,8,8,HARD,7.0,2026-07-26T07:32:13.954978Z
1285,11281,2,16,8,13,HARD,7.0,2026-07-26T07:32:13.954978Z
1285,11281,2,41,8,11,MEDIUM,0.0,2026-07-26T07:32:13.954978Z
1285,11281,3,31,5,9,HARD,0.0,2026-07-26T07:32:13.954978Z
1285,11281,2,87,4,8,HARD,3.0,2026-07-26T07:32:13.954978Z
1285,11281,2,5,7,12,HARD,6.0,2026-07-26T07:32:13.954978Z
1285,11281,3,27,9,9,HARD,0.0,2026-07-26T07:32:13.954978Z
1285,11281,2,44,7,13,HARD,6.0,2026-07-26T07:32:13.954978Z
1285,11281,1,10,1,7,HARD,0.0,2026-07-26T07:32:13.954978Z
1285,11281,2,77,7,9,MEDIUM,6.0,2026-07-26T07:32:13.954978Z
1285,11281,3,55,8,15,HARD,7.0,2026-07-26T07:32:13.954978Z
1285,11281,2,11,8,10,SOFT,7.0,2026-07-26T07:32:13.954978Z
1285,11281,2,81,6,13,HARD,5.0,2026-07-26T07:32:13.954978Z
1285,11281,3,14,8,13,SOFT,0.0,2026-07-26T07:32:13.954978Z
1285,11281,3,18,8,11,SOFT,0.0,2026-07-26T07:32:13.954978Z
1285,11281,4,27,10,13,HARD,9.0,2026-07-26T07:32:13.954978Z
1285,11281,3,87,9,16,HARD,8.0,2026-07-26T07:32:13.954978Z
1285,11281,3,81,14,22,HARD,13.0,2026-07-26T07:32:13.954978Z
1285,11281,3,77,10,14,MEDIUM,9.0,2026-07-26T07:32:13.954978Z
1285,11281,3,63,16,23,HARD,15.0,2026-07-26T07:32:13.954978Z
1285,11281,3,12,14,24,HARD,13.0,2026-07-26T07:32:13.954978Z
1285,11281,3,16,14,25,HARD,13.0,2026-07-26T07:32:13.954978Z
1285,11281,4,81,23,23,HARD,22.0,2026-07-26T07:32:13.954978Z
1285,11281,3,41,12,23,MEDIUM,11.0,2026-07-26T07:32:13.954978Z
1285,11281,4,31,10,22,HARD,9.0,2026-07-26T07:32:13.954978Z
1285,11281,3,44,14,27,HARD,13.0,2026-07-26T07:32:13.954978Z
1285,11281,4,1,13,24,HARD,12.0,2026-07-26T07:32:13.954978Z
1285,11281,3,5,13,25,HARD,12.0,2026-07-26T07:32:13.954978Z
1285,11281,2,10,8,21,HARD,7.0,2026-07-26T07:32:13.954978Z
1285,11281,4,3,9,23,HARD,8.0,2026-07-26T07:32:13.954978Z
1285,11281,4,18,12,22,SOFT,4.0,2026-07-26T07:32:13.954978Z
1285,11281,4,14,14,23,SOFT,6.0,2026-07-26T07:32:13.954978Z
1285,11281,5,27,14,21,HARD,13.0,2026-07-26T07:32:13.954978Z
1285,11281,4,55,16,29,HARD,15.0,2026-07-26T07:32:13.954978Z
1285,11281,4,87,17,19,HARD,0.0,2026-07-26T07:32:13.954978Z
1285,11281,3,6,9,23,HARD,8.0,2026-07-26T07:32:13.954978Z
1285,11281,3,11,11,23,SOFT,10.0,2026-07-26T07:32:13.954978Z
1285,11281,4,77,15,23,MEDIUM,14.0,2026-07-26T07:32:13.954978Z
1285,11281,5,81,24,28,SOFT,0.0,2026-07-26T07:32:13.954978Z
1285,11281,5,1,25,28,SOFT,0.0,2026-07-26T07:32:13.954978Z
1285,11281,4,63,24,31,SOFT,0.0,2026-07-26T07:32:13.954978Z
1285,11281,4,12,25,29,SOFT,0.0,2026-07-26T07:32:13.954978Z
1285,11281,3,10,22,25,SOFT,0.0,2026-07-26T07:32:13.954978Z
1285,11281,5,55,30,32,SOFT,0.0,2026-07-26T07:32:13.954978Z
1285,11281,4,16,26,32,SOFT,0.0,2026-07-26T07:32:13.954978Z
1285,11281,5,77,24,24,SOFT,0.0,2026-07-26T07:32:13.954978Z
1285,11281,5,87,20,22,MEDIUM,0.0,2026-07-26T07:32:13.954978Z
1285,11281,5,3,24,27,SOFT,0.0,2026-07-26T07:32:13.954978Z
1285,11281,4,5,26,29,SOFT,0.0,2026-07-26T07:32:13.954978Z
1285,11281,4,11,24,24,MEDIUM,0.0,2026-07-26T07:32:13.954978Z
1285,11281,4,6,24,25,SOFT,0.0,2026-07-26T07:32:13.954978Z
1285,11281,5,18,23,26,MEDIUM,0.0,2026-07-26T07:32:13.954978Z
1285,11281,5,14,24,27,MEDIUM,0.0,2026-07-26T07:32:13.954978Z
1285,11281,4,44,28,32,SOFT,0.0,2026-07-26T07:32:13.954978Z
1285,11281,6,27,22,24,SOFT,0.0,2026-07-26T07:32:13.954978Z
1285,11281,4,41,24,29,SOFT,0.0,2026-07-26T07:32:13.954978Z
1285,11281,5,31,23,28,MEDIUM,0.0,2026-07-26T07:32:13.954978Z
1285,11281,6,55,33,36,SOFT,3.0,2026-07-26T07:32:13.954978Z
1285,11281,6,81,29,32,HARD,23.0,2026-07-26T07:32:13.954978Z
1285,11281,6,1,29,32,SOFT,4.0,2026-07-26T07:32:13.954978Z
1285,11281,5,63,32,35,HARD,23.0,2026-07-26T07:32:13.954978Z
1285,11281,6,77,25,28,SOFT,1.0,2026-07-26T07:32:13.954978Z
1285,11281,5,12,30,33,SOFT,5.0,2026-07-26T07:32:13.954978Z
1285,11281,6,3,28,31,SOFT,4.0,2026-07-26T07:32:13.954978Z
1285,11281,5,6,26,29,SOFT,2.0,2026-07-26T07:32:13.954978Z
1285,11281,4,10,26,29,SOFT,0.0,2026-07-26T07:32:13.954978Z
1285,11281,5,16,33,36,SOFT,7.0,2026-07-26T07:32:13.954978Z
1285,11281,6,87,23,26,MEDIUM,3.0,2026-07-26T07:32:13.954978Z
1285,11281,6,14,28,31,SOFT,16.0,2026-07-26T07:32:13.954978Z
1285,11281,5,11,25,28,MEDIUM,1.0,2026-07-26T07:32:13.954978Z
1285,11281,5,44,33,36,SOFT,5.0,2026-07-26T07:32:13.954978Z
1285,11281,5,41,30,33,MEDIUM,23.0,2026-07-26T07:32:13.954978Z
1285,11281,5,5,30,33,SOFT,4.0,2026-07-26T07:32:13.954978Z
1285,11281,6,18,27,30,MEDIUM,4.0,2026-07-26T07:32:13.954978Z
1285,11281,7,27,25,28,SOFT,3.0,2026-07-26T07:32:13.954978Z
1285,11281,6,31,29,32,HARD,22.0,2026-07-26T07:32:13.954978Z
1285,11291,1,41,1,1,MEDIUM,0.0,2026-07-26T07:33:04.760539Z
1285,11291,1,81,1,0,INTERMEDIATE,0.0,2026-07-26T07:33:04.760539Z
1285,11291,1,1,1,1,INTERMEDIATE,0.0,2026-07-26T07:33:04.760539Z
1285,11291,1,27,1,1,INTERMEDIATE,0.0,2026-07-26T07:33:04.760539Z
1285,11291,1,5,1,1,INTERMEDIATE,0.0,2026-07-26T07:33:04.760539Z
1285,11291,1,11,1,1,INTERMEDIATE,0.0,2026-07-26T07:33:04.760539Z
1285,11291,1,55,1,1,INTERMEDIATE,0.0,2026-07-26T07:33:04.760539Z
1285,11291,1,77,1,2,INTERMEDIATE,0.0,2026-07-26T07:33:04.760539Z
1285,11291,2,77,3,8,SOFT,0.0,2026-07-26T07:33:04.760539Z
1285,11291,1,23,1,11,SOFT,0.0,2026-07-26T07:33:04.760539Z
1285,11291,2,81,1,11,MEDIUM,0.0,2026-07-26T07:33:04.760539Z
1285,11291,1,18,1,13,SOFT,0.0,2026-07-26T07:33:04.760539Z
1285,11291,2,1,2,14,MEDIUM,0.0,2026-07-26T07:33:04.760539Z
1285,11291,2,11,2,14,SOFT,0.0,2026-07-26T07:33:04.760539Z
1285,11291,1,31,1,15,SOFT,0.0,2026-07-26T07:33:04.760539Z
1285,11291,2,5,2,17,SOFT,0.0,2026-07-26T07:33:04.760539Z
1285,11291,2,27,2,19,SOFT,4.0,2026-07-26T07:33:04.760539Z
1285,11291,1,14,1,19,SOFT,0.0,2026-07-26T07:33:04.760539Z
1285,11291,2,14,20,23,SOFT,0.0,2026-07-26T07:33:04.760539Z
1285,11291,1,63,1,29,SOFT,3.0,2026-07-26T07:33:04.760539Z
1285,11291,1,43,1,29,MEDIUM,0.0,2026-07-26T07:33:04.760539Z
1285,11291,1,30,1,29,MEDIUM,0.0,2026-07-26T07:33:04.760539Z
1285,11291,3,11,15,28,MEDIUM,0.0,2026-07-26T07:33:04.760539Z
1285,11291,1,10,1,29,MEDIUM,0.0,2026-07-26T07:33:04.760539Z
1285,11291,2,55,2,29,MEDIUM,8.0,2026-07-26T07:33:04.760539Z
1285,11291,1,12,1,30,SOFT,4.0,2026-07-26T07:33:04.760539Z
1285,11291,1,87,1,29,SOFT,5.0,2026-07-26T07:33:04.760539Z
1285,11291,1,3,1,30,SOFT,5.0,2026-07-26T07:33:04.760539Z
1285,11291,1,44,1,30,SOFT,3.0,2026-07-26T07:33:04.760539Z
1285,11291,1,6,1,30,SOFT,4.0,2026-07-26T07:33:04.760539Z
1285,11291,1,16,1,30,SOFT,4.0,2026-07-26T07:33:04.760539Z
1285,11291,3,77,9,28,MEDIUM,0.0,2026-07-26T07:33:04.760539Z
1285,11291,2,31,16,29,MEDIUM,0.0,2026-07-26T07:33:04.760539Z
1285,11291,3,1,15,38,MEDIUM,3.0,2026-07-26T07:33:04.760539Z
1285,11291,4,11,29,39,SOFT,0.0,2026-07-26T07:33:04.760539Z
1285,11291,2,18,14,48,SOFT,0.0,2026-07-26T07:33:04.760539Z
1285,11291,2,6,31,51,MEDIUM,0.0,2026-07-26T07:33:04.760539Z
1285,11291,4,77,29,48,SOFT,0.0,2026-07-26T07:33:04.760539Z
1285,11291,3,81,12,50,MEDIUM,0.0,2026-07-26T07:33:04.760539Z
1285,11291,3,6,52,61,SOFT,4.0,2026-07-26T07:33:04.760539Z
1285,11291,2,12,31,68,MEDIUM,0.0,2026-07-26T07:33:04.760539Z
1285,11291,4,6,62,67,SOFT,14.0,2026-07-26T07:33:04.760539Z
1285,11291,2,44,31,68,MEDIUM,0.0,2026-07-26T07:33:04.760539Z
1285,11291,2,3,31,68,MEDIUM,0.0,2026-07-26T07:33:04.760539Z
1285,11291,4,81,51,66,SOFT,4.0,2026-07-26T07:33:04.760539Z
1285,11291,3,27,20,66,MEDIUM,0.0,2026-07-26T07:33:04.760539Z
1285,11291,3,5,18,66,MEDIUM,0.0,2026-07-26T07:33:04.760539Z
1285,11291,3,18,49,64,MEDIUM,0.0,2026-07-26T07:33:04.760539Z
1285,11291,2,43,30,67,HARD,0.0,2026-07-26T07:33:04.760539Z
1285,11291,2,30,30,67,SOFT,0.0,2026-07-26T07:33:04.760539Z
1285,11291,2,10,30,67,HARD,0.0,2026-07-26T07:33:04.760539Z
1285,11291,2,16,31,68,MEDIUM,0.0,2026-07-26T07:33:04.760539Z
1285,11291,5,77,49,64,MEDIUM,0.0,2026-07-26T07:33:04.760539Z
1285,11291,3,55,30,67,MEDIUM,0.0,2026-07-26T07:33:04.760539Z
1285,11291,2,87,30,67,MEDIUM,0.0,2026-07-26T07:33:04.760539Z
1285,11291,3,31,30,66,SOFT,0.0,2026-07-26T07:33:04.760539Z
1286,11292,1,16,1,4,HARD,0.0,2026-07-26T07:33:08.515529Z
1286,11292,1,81,1,5,HARD,0.0,2026-07-26T07:33:08.515529Z
1286,11292,1,18,1,1,MEDIUM,0.0,2026-07-26T07:33:08.515529Z
1286,11292,1,14,1,4,HARD,0.0,2026-07-26T07:33:08.515529Z
1286,11292,1,5,1,7,HARD,0.0,2026-07-26T07:33:08.515529Z
1286,11292,1,11,1,6,MEDIUM,0.0,2026-07-26T07:33:08.515529Z
1286,11292,1,30,1,11,HARD,0.0,2026-07-26T07:33:08.515529Z
1286,11292,1,55,1,7,HARD,0.0,2026-07-26T07:33:08.515529Z
1286,11292,1,44,1,12,HARD,0.0,2026-07-26T07:33:08.515529Z
1286,11292,1,3,1,11,HARD,0.0,2026-07-26T07:33:08.515529Z
1286,11292,2,81,6,13,HARD,5.0,2026-07-26T07:33:08.515529Z
1286,11292,1,63,1,9,HARD,0.0,2026-07-26T07:33:08.515529Z
1286,11292,1,12,1,13,HARD,0.0,2026-07-26T07:33:08.515529Z
1286,11292,2,11,7,13,MEDIUM,0.0,2026-07-26T07:33:08.515529Z
1286,11292,1,1,1,11,HARD,0.0,2026-07-26T07:33:08.515529Z
1286,11292,1,41,1,18,HARD,0.0,2026-07-26T07:33:08.515529Z
1286,11292,3,81,14,14,HARD,13.0,2026-07-26T07:33:08.515529Z
1286,11292,1,6,1,11,HARD,0.0,2026-07-26T07:33:08.515529Z
1286,11292,2,30,12,18,HARD,0.0,2026-07-26T07:33:08.515529Z
1286,11292,1,87,1,18,HARD,0.0,2026-07-26T07:33:08.515529Z
1286,11292,2,6,12,14,HARD,11.0,2026-07-26T07:33:08.515529Z
1286,11292,1,27,1,14,HARD,0.0,2026-07-26T07:33:08.515529Z
1286,11292,1,77,1,15,MEDIUM,0.0,2026-07-26T07:33:08.515529Z
1286,11292,2,5,8,18,HARD,7.0,2026-07-26T07:33:08.515529Z
1286,11292,1,10,1,19,HARD,0.0,2026-07-26T07:33:08.515529Z
1286,11292,2,3,12,16,HARD,11.0,2026-07-26T07:33:08.515529Z
1286,11292,2,41,19,22,MEDIUM,0.0,2026-07-26T07:33:08.515529Z
1286,11292,2,14,5,12,HARD,4.0,2026-07-26T07:33:08.515529Z
1286,11292,2,55,8,19,HARD,7.0,2026-07-26T07:33:08.515529Z
1286,11292,2,16,5,19,HARD,4.0,2026-07-26T07:33:08.515529Z
1286,11292,2,87,19,19,MEDIUM,0.0,2026-07-26T07:33:08.515529Z
1286,11292,3,30,19,21,MEDIUM,0.0,2026-07-26T07:33:08.515529Z
1286,11292,1,23,1,21,HARD,0.0,2026-07-26T07:33:08.515529Z
1286,11292,2,44,13,17,HARD,0.0,2026-07-26T07:33:08.515529Z
1286,11292,2,63,10,18,MEDIUM,0.0,2026-07-26T07:33:08.515529Z
1286,11292,1,31,1,19,HARD,0.0,2026-07-26T07:33:08.515529Z
1286,11292,2,1,12,15,MEDIUM,0.0,2026-07-26T07:33:08.515529Z
1286,11292,4,81,15,18,MEDIUM,0.0,2026-07-26T07:33:08.515529Z
1286,11292,1,43,1,21,HARD,0.0,2026-07-26T07:33:08.515529Z
1286,11292,3,11,14,18,MEDIUM,13.0,2026-07-26T07:33:08.515529Z
1286,11292,2,12,14,21,MEDIUM,0.0,2026-07-26T07:33:08.515529Z
1286,11292,2,18,2,13,MEDIUM,1.0,2026-07-26T07:33:08.515529Z
1286,11292,3,14,13,21,MEDIUM,0.0,2026-07-26T07:33:08.515529Z
1286,11292,3,3,17,26,MEDIUM,0.0,2026-07-26T07:33:08.515529Z
1286,11292,3,18,14,16,MEDIUM,0.0,2026-07-26T07:33:08.515529Z
1286,11292,2,77,16,24,SOFT,0.0,2026-07-26T07:33:08.515529Z
1286,11292,3,41,23,31,MEDIUM,4.0,2026-07-26T07:33:08.515529Z
1286,11292,3,63,19,26,MEDIUM,9.0,2026-07-26T07:33:08.515529Z
1286,11292,2,27,15,24,MEDIUM,0.0,2026-07-26T07:33:08.515529Z
1286,11292,2,43,22,29,MEDIUM,0.0,2026-07-26T07:33:08.515529Z
1286,11292,3,55,20,28,MEDIUM,0.0,2026-07-26T07:33:08.515529Z
1286,11292,3,1,16,24,MEDIUM,0.0,2026-07-26T07:33:08.515529Z
1286,11292,2,10,20,29,MEDIUM,0.0,2026-07-26T07:33:08.515529Z
1286,11292,2,23,22,30,MEDIUM,0.0,2026-07-26T07:33:08.515529Z
1286,11292,3,5,19,28,MEDIUM,0.0,2026-07-26T07:33:08.515529Z
1286,11292,4,11,19,25,SOFT,0.0,2026-07-26T07:33:08.515529Z
1286,11292,3,16,20,28,MEDIUM,0.0,2026-07-26T07:33:08.515529Z
1286,11292,5,81,19,26,MEDIUM,0.0,2026-07-26T07:33:08.515529Z
1286,11292,3,12,22,28,MEDIUM,8.0,2026-07-26T07:33:08.515529Z
1286,11292,3,44,18,25,MEDIUM,0.0,2026-07-26T07:33:08.515529Z
1286,11292,3,87,20,28,MEDIUM,0.0,2026-07-26T07:33:08.515529Z
1286,11292,2,31,20,28,MEDIUM,0.0,2026-07-26T07:33:08.515529Z
1286,11292,4,30,22,28,MEDIUM,3.0,2026-07-26T07:33:08.515529Z
1286,11292,3,77,25,27,SOFT,8.0,2026-07-26T07:33:08.515529Z
1286,11292,4,41,32,34,MEDIUM,12.0,2026-07-26T07:33:08.515529Z
1286,11292,4,63,27,29,MEDIUM,16.0,2026-07-26T07:33:08.515529Z
1286,11292,3,27,25,27,MEDIUM,9.0,2026-07-26T07:33:08.515529Z
1286,11292,3,43,30,32,MEDIUM,0.0,2026-07-26T07:33:08.515529Z
1286,11292,4,55,29,31,MEDIUM,0.0,2026-07-26T07:33:08.515529Z
1286,11292,3,10,30,32,MEDIUM,9.0,2026-07-26T07:33:08.515529Z
1286,11292,4,1,25,27,HARD,0.0,2026-07-26T07:33:08.515529Z
1286,11292,3,23,31,33,MEDIUM,8.0,2026-07-26T07:33:08.515529Z
1286,11292,5,11,26,28,SOFT,6.0,2026-07-26T07:33:08.515529Z
1286,11292,4,5,29,31,MEDIUM,9.0,2026-07-26T07:33:08.515529Z
1286,11292,4,16,29,31,MEDIUM,8.0,2026-07-26T07:33:08.515529Z
1286,11292,6,81,27,29,HARD,0.0,2026-07-26T07:33:08.515529Z
1286,11292,4,12,29,31,HARD,13.0,2026-07-26T07:33:08.515529Z
1286,11292,4,44,26,28,MEDIUM,7.0,2026-07-26T07:33:08.515529Z
1286,11292,4,87,29,31,MEDIUM,8.0,2026-07-26T07:33:08.515529Z
1286,11292,3,31,29,31,MEDIUM,8.0,2026-07-26T07:33:08.515529Z
1286,11292,5,30,29,31,MEDIUM,9.0,2026-07-26T07:33:08.515529Z
1286,11293,1,1,1,6,MEDIUM,0.0,2026-07-26T07:33:11.938131Z
1286,11293,2,1,7,8,MEDIUM,0.0,2026-07-26T07:33:11.938131Z
1286,11293,1,12,1,7,MEDIUM,0.0,2026-07-26T07:33:11.938131Z
1286,11293,1,5,1,9,MEDIUM,0.0,2026-07-26T07:33:11.938131Z
1286,11293,1,55,1,9,MEDIUM,0.0,2026-07-26T07:33:11.938131Z
1286,11293,1,14,1,8,SOFT,0.0,2026-07-26T07:33:11.938131Z
1286,11293,1,10,1,9,MEDIUM,0.0,2026-07-26T07:33:11.938131Z
1286,11293,1,6,1,3,MEDIUM,0.0,2026-07-26T07:33:11.938131Z
1286,11293,1,3,1,10,MEDIUM,0.0,2026-07-26T07:33:11.938131Z
1286,11293,1,27,1,10,MEDIUM,0.0,2026-07-26T07:33:11.938131Z
1286,11293,2,12,8,10,MEDIUM,7.0,2026-07-26T07:33:11.938131Z
1286,11293,1,63,1,11,MEDIUM,0.0,2026-07-26T07:33:11.938131Z
1286,11293,1,81,1,8,MEDIUM,0.0,2026-07-26T07:33:11.938131Z
1286,11293,2,5,10,11,MEDIUM,9.0,2026-07-26T07:33:11.938131Z
1286,11293,1,77,1,9,MEDIUM,0.0,2026-07-26T07:33:11.938131Z
1286,11293,1,43,1,10,MEDIUM,0.0,2026-07-26T07:33:11.938131Z
1286,11293,1,41,1,14,MEDIUM,0.0,2026-07-26T07:33:11.938131Z
1286,11293,1,87,1,14,MEDIUM,1.0,2026-07-26T07:33:11.938131Z
1286,11293,1,23,1,17,MEDIUM,0.0,2026-07-26T07:33:11.938131Z
1286,11293,1,30,1,15,MEDIUM,0.0,2026-07-26T07:33:11.938131Z
1286,11293,1,11,1,14,MEDIUM,0.0,2026-07-26T07:33:11.938131Z
1286,11293,1,31,1,15,MEDIUM,0.0,2026-07-26T07:33:11.938131Z
1286,11293,2,81,9,11,SOFT,0.0,2026-07-26T07:33:11.938131Z
1286,11293,2,55,10,14,MEDIUM,9.0,2026-07-26T07:33:11.938131Z
1286,11293,1,16,1,16,MEDIUM,0.0,2026-07-26T07:33:11.938131Z
1286,11293,1,18,1,15,SOFT,0.0,2026-07-26T07:33:11.938131Z
1286,11293,1,44,1,19,MEDIUM,0.0,2026-07-26T07:33:11.938131Z
1286,11293,2,14,9,15,SOFT,8.0,2026-07-26T07:33:11.938131Z
1286,11293,2,6,4,11,MEDIUM,0.0,2026-07-26T07:33:11.938131Z
1286,11293,2,3,11,20,SOFT,0.0,2026-07-26T07:33:11.938131Z
1286,11293,2,27,11,20,SOFT,0.0,2026-07-26T07:33:11.938131Z
1286,11293,2,44,20,26,SOFT,0.0,2026-07-26T07:33:11.938131Z
1286,11293,2,11,15,23,SOFT,0.0,2026-07-26T07:33:11.938131Z
1286,11293,2,77,10,20,SOFT,0.0,2026-07-26T07:33:11.938131Z
1286,11293,3,81,12,19,SOFT,3.0,2026-07-26T07:33:11.938131Z
1286,11293,2,87,15,25,SOFT,0.0,2026-07-26T07:33:11.938131Z
1286,11293,2,10,10,25,SOFT,0.0,2026-07-26T07:33:11.938131Z
1286,11293,2,18,16,27,SOFT,0.0,2026-07-26T07:33:11.938131Z
1286,11293,3,11,24,24,MEDIUM,14.0,2026-07-26T07:33:11.938131Z
1286,11293,2,43,11,20,SOFT,0.0,2026-07-26T07:33:11.938131Z
1286,11293,2,63,12,25,SOFT,0.0,2026-07-26T07:33:11.938131Z
1286,11293,2,23,18,29,SOFT,0.0,2026-07-26T07:33:11.938131Z
1286,11293,2,31,16,26,SOFT,0.0,2026-07-26T07:33:11.938131Z
1286,11293,3,55,15,26,SOFT,0.0,2026-07-26T07:33:11.938131Z
1286,11293,3,12,11,26,SOFT,0.0,2026-07-26T07:33:11.938131Z
1286,11293,3,5,12,27,SOFT,0.0,2026-07-26T07:33:11.938131Z
1286,11293,3,14,16,23,SOFT,0.0,2026-07-26T07:33:11.938131Z
1286,11293,2,41,15,29,SOFT,0.0,2026-07-26T07:33:11.938131Z
1286,11293,2,30,16,28,SOFT,0.0,2026-07-26T07:33:11.938131Z
1286,11293,3,3,21,30,SOFT,0.0,2026-07-26T07:33:11.938131Z
1286,11293,3,44,27,30,SOFT,0.0,2026-07-26T07:33:11.938131Z
1286,11293,4,11,25,31,SOFT,0.0,2026-07-26T07:33:11.938131Z
1286,11293,2,16,17,30,SOFT,0.0,2026-07-26T07:33:11.938131Z
1286,11293,3,77,21,28,SOFT,11.0,2026-07-26T07:33:11.938131Z
1286,11293,3,6,12,19,SOFT,0.0,2026-07-26T07:33:11.938131Z
1286,11293,3,16,31,31,MEDIUM,16.0,2026-07-26T07:33:11.938131Z
1286,11293,3,10,26,32,MEDIUM,9.0,2026-07-26T07:33:11.938131Z
1286,11293,3,31,27,30,MEDIUM,15.0,2026-07-26T07:33:11.938131Z
1286,11293,4,5,28,30,MEDIUM,11.0,2026-07-26T07:33:11.938131Z
1286,11293,3,87,26,32,SOFT,11.0,2026-07-26T07:33:11.938131Z
1286,11293,4,44,31,31,MEDIUM,19.0,2026-07-26T07:33:11.938131Z
1286,11293,3,23,30,34,MEDIUM,17.0,2026-07-26T07:33:11.938131Z
1286,11293,3,41,30,32,SOFT,15.0,2026-07-26T07:33:11.938131Z
1286,11293,3,27,21,30,MEDIUM,10.0,2026-07-26T07:33:11.938131Z
1286,11293,3,30,29,31,MEDIUM,15.0,2026-07-26T07:33:11.938131Z
1286,11293,3,43,21,26,MEDIUM,10.0,2026-07-26T07:33:11.938131Z
1286,11293,4,55,27,30,SOFT,12.0,2026-07-26T07:33:11.938131Z
1286,11293,4,12,27,30,SOFT,16.0,2026-07-26T07:33:11.938131Z
1286,11293,4,81,20,27,SOFT,11.0,2026-07-26T07:33:11.938131Z
1286,11293,4,14,24,26,SOFT,8.0,2026-07-26T07:33:11.938131Z
1286,11293,3,63,26,31,SOFT,14.0,2026-07-26T07:33:11.938131Z
1286,11293,4,3,31,31,MEDIUM,10.0,2026-07-26T07:33:11.938131Z
1286,11293,4,6,20,20,MEDIUM,11.0,2026-07-26T07:33:11.938131Z
1286,11293,5,55,31,34,SOFT,16.0,2026-07-26T07:33:11.938131Z
1286,11293,4,27,31,34,MEDIUM,20.0,2026-07-26T07:33:11.938131Z
1286,11293,5,14,27,30,SOFT,11.0,2026-07-26T07:33:11.938131Z
1286,11293,4,63,32,35,MEDIUM,20.0,2026-07-26T07:33:11.938131Z
1286,11293,5,3,32,35,MEDIUM,11.0,2026-07-26T07:33:11.938131Z
1286,11293,5,81,28,31,MEDIUM,0.0,2026-07-26T07:33:11.938131Z
1286,11293,5,6,21,24,MEDIUM,12.0,2026-07-26T07:33:11.938131Z
1286,11293,4,10,33,37,MEDIUM,0.0,2026-07-26T07:33:11.938131Z
1286,11293,4,16,32,36,MEDIUM,17.0,2026-07-26T07:33:11.938131Z
1286,11293,5,5,31,35,MEDIUM,14.0,2026-07-26T07:33:11.938131Z
1286,11293,5,44,32,36,MEDIUM,0.0,2026-07-26T07:33:11.938131Z
1286,11293,4,23,35,39,SOFT,12.0,2026-07-26T07:33:11.938131Z
1286,11293,4,87,33,37,MEDIUM,15.0,2026-07-26T07:33:11.938131Z
1286,11293,4,31,31,35,MEDIUM,19.0,2026-07-26T07:33:11.938131Z
1286,11293,4,41,33,37,SOFT,0.0,2026-07-26T07:33:11.938131Z
1286,11293,4,43,27,31,MEDIUM,0.0,2026-07-26T07:33:11.938131Z
1286,11293,4,30,32,36,MEDIUM,0.0,2026-07-26T07:33:11.938131Z
1286,11293,5,12,31,35,SOFT,20.0,2026-07-26T07:33:11.938131Z
1287,11301,1,10,1,3,MEDIUM,0.0,2026-07-26T07:34:11.631069Z
1287,11301,1,43,1,3,MEDIUM,0.0,2026-07-26T07:34:11.631069Z
1287,11301,1,3,1,3,HARD,0.0,2026-07-26T07:34:11.631069Z
1287,11301,1,5,1,3,MEDIUM,0.0,2026-07-26T07:34:11.631069Z
1287,11301,1,16,1,3,MEDIUM,0.0,2026-07-26T07:34:11.631069Z
1287,11301,1,31,1,3,MEDIUM,0.0,2026-07-26T07:34:11.631069Z
1287,11301,1,87,1,3,MEDIUM,0.0,2026-07-26T07:34:11.631069Z
1287,11301,1,1,1,3,MEDIUM,0.0,2026-07-26T07:34:11.631069Z
1287,11301,1,12,1,3,MEDIUM,0.0,2026-07-26T07:34:11.631069Z
1287,11301,1,11,1,6,MEDIUM,0.0,2026-07-26T07:34:11.631069Z
1287,11301,1,55,1,3,MEDIUM,0.0,2026-07-26T07:34:11.631069Z
1287,11301,1,27,1,6,MEDIUM,0.0,2026-07-26T07:34:11.631069Z
1287,11301,2,10,4,6,MEDIUM,3.0,2026-07-26T07:34:11.631069Z
1287,11301,2,5,4,6,MEDIUM,3.0,2026-07-26T07:34:11.631069Z
1287,11301,1,44,1,6,MEDIUM,0.0,2026-07-26T07:34:11.631069Z
1287,11301,2,16,4,6,MEDIUM,3.0,2026-07-26T07:34:11.631069Z
1287,11301,2,43,4,6,MEDIUM,0.0,2026-07-26T07:34:11.631069Z
1287,11301,1,6,1,6,MEDIUM,0.0,2026-07-26T07:34:11.631069Z
1287,11301,2,87,4,6,MEDIUM,0.0,2026-07-26T07:34:11.631069Z
1287,11301,2,12,4,5,MEDIUM,3.0,2026-07-26T07:34:11.631069Z
1287,11301,1,30,1,3,MEDIUM,0.0,2026-07-26T07:34:11.631069Z
1287,11301,1,41,1,3,MEDIUM,0.0,2026-07-26T07:34:11.631069Z
1287,11301,2,11,7,9,MEDIUM,0.0,2026-07-26T07:34:11.631069Z
1287,11301,3,12,6,7,MEDIUM,5.0,2026-07-26T07:34:11.631069Z
1287,11301,1,81,1,3,MEDIUM,0.0,2026-07-26T07:34:11.631069Z
1287,11301,2,3,4,6,HARD,3.0,2026-07-26T07:34:11.631069Z
1287,11301,2,41,4,4,MEDIUM,3.0,2026-07-26T07:34:11.631069Z
1287,11301,1,63,1,4,MEDIUM,0.0,2026-07-26T07:34:11.631069Z
1287,11301,2,55,4,6,MEDIUM,3.0,2026-07-26T07:34:11.631069Z
1287,11301,3,11,10,10,MEDIUM,9.0,2026-07-26T07:34:11.631069Z
1287,11301,2,27,7,9,MEDIUM,6.0,2026-07-26T07:34:11.631069Z
1287,11301,1,18,1,6,MEDIUM,0.0,2026-07-26T07:34:11.631069Z
1287,11301,2,31,4,7,MEDIUM,0.0,2026-07-26T07:34:11.631069Z
1287,11301,1,23,1,9,MEDIUM,0.0,2026-07-26T07:34:11.631069Z
1287,11301,2,6,7,8,MEDIUM,6.0,2026-07-26T07:34:11.631069Z
1287,11301,3,43,7,9,MEDIUM,0.0,2026-07-26T07:34:11.631069Z
1287,11301,3,10,7,9,MEDIUM,6.0,2026-07-26T07:34:11.631069Z
1287,11301,3,16,7,9,MEDIUM,0.0,2026-07-26T07:34:11.631069Z
1287,11301,3,87,7,10,MEDIUM,0.0,2026-07-26T07:34:11.631069Z
1287,11301,3,41,5,7,MEDIUM,0.0,2026-07-26T07:34:11.631069Z
1287,11301,3,5,7,9,MEDIUM,0.0,2026-07-26T07:34:11.631069Z
1287,11301,2,44,7,11,MEDIUM,6.0,2026-07-26T07:34:11.631069Z
1287,11301,2,63,5,7,MEDIUM,4.0,2026-07-26T07:34:11.631069Z
1287,11301,4,12,8,10,MEDIUM,7.0,2026-07-26T07:34:11.631069Z
1287,11301,2,18,7,9,SOFT,0.0,2026-07-26T07:34:11.631069Z
1287,11301,3,3,7,9,SOFT,0.0,2026-07-26T07:34:11.631069Z
1287,11301,3,27,10,12,SOFT,0.0,2026-07-26T07:34:11.631069Z
1287,11301,4,10,10,11,SOFT,0.0,2026-07-26T07:34:11.631069Z
1287,11301,1,14,1,7,MEDIUM,0.0,2026-07-26T07:34:11.631069Z
1287,11301,3,31,8,10,SOFT,0.0,2026-07-26T07:34:11.631069Z
1287,11301,4,43,10,12,SOFT,0.0,2026-07-26T07:34:11.631069Z
1287,11301,2,81,4,6,MEDIUM,3.0,2026-07-26T07:34:11.631069Z
1287,11301,4,16,10,12,SOFT,0.0,2026-07-26T07:34:11.631069Z
1287,11301,3,55,7,9,SOFT,0.0,2026-07-26T07:34:11.631069Z
1287,11301,2,1,4,12,MEDIUM,3.0,2026-07-26T07:34:11.631069Z
1287,11301,3,44,12,14,SOFT,0.0,2026-07-26T07:34:11.631069Z
1287,11301,4,5,10,12,SOFT,0.0,2026-07-26T07:34:11.631069Z
1287,11301,2,14,8,10,SOFT,0.0,2026-07-26T07:34:11.631069Z
1287,11301,4,41,8,10,SOFT,0.0,2026-07-26T07:34:11.631069Z
1287,11301,4,11,11,16,SOFT,0.0,2026-07-26T07:34:11.631069Z
1287,11301,5,12,11,13,SOFT,0.0,2026-07-26T07:34:11.631069Z
1287,11301,3,63,8,10,SOFT,0.0,2026-07-26T07:34:11.631069Z
1287,11301,4,87,11,13,SOFT,0.0,2026-07-26T07:34:11.631069Z
1287,11301,1,77,1,3,MEDIUM,0.0,2026-07-26T07:34:11.631069Z
1287,11301,3,6,9,14,SOFT,0.0,2026-07-26T07:34:11.631069Z
1287,11301,4,31,11,12,SOFT,3.0,2026-07-26T07:34:11.631069Z
1287,11301,4,27,13,15,SOFT,3.0,2026-07-26T07:34:11.631069Z
1287,11301,2,23,10,14,SOFT,0.0,2026-07-26T07:34:11.631069Z
1287,11301,5,10,12,14,SOFT,5.0,2026-07-26T07:34:11.631069Z
1287,11301,5,43,13,15,SOFT,0.0,2026-07-26T07:34:11.631069Z
1287,11301,2,77,4,6,SOFT,0.0,2026-07-26T07:34:11.631069Z
1287,11301,5,16,13,14,SOFT,3.0,2026-07-26T07:34:11.631069Z
1287,11301,4,55,10,15,MEDIUM,6.0,2026-07-26T07:34:11.631069Z
1287,11301,5,5,13,14,SOFT,3.0,2026-07-26T07:34:11.631069Z
1287,11301,3,81,7,9,SOFT,0.0,2026-07-26T07:34:11.631069Z
1287,11301,3,1,13,15,SOFT,0.0,2026-07-26T07:34:11.631069Z
1287,11301,3,14,11,12,SOFT,3.0,2026-07-26T07:34:11.631069Z
1287,11301,4,81,10,11,MEDIUM,3.0,2026-07-26T07:34:11.631069Z
1287,11301,4,3,10,21,HARD,6.0,2026-07-26T07:34:11.631069Z
1287,11301,3,18,10,11,SOFT,3.0,2026-07-26T07:34:11.631069Z
1287,11301,3,23,15,18,MEDIUM,9.0,2026-07-26T07:34:11.631069Z
1287,11301,4,44,15,18,SOFT,0.0,2026-07-26T07:34:11.631069Z
1287,11301,4,6,15,23,MEDIUM,8.0,2026-07-26T07:34:11.631069Z
1287,11301,4,63,11,21,MEDIUM,7.0,2026-07-26T07:34:11.631069Z
1287,11301,5,11,17,28,MEDIUM,10.0,2026-07-26T07:34:11.631069Z
1287,11301,6,12,14,25,SOFT,3.0,2026-07-26T07:34:11.631069Z
1287,11301,6,16,15,23,MEDIUM,9.0,2026-07-26T07:34:11.631069Z
1287,11301,5,87,14,25,SOFT,3.0,2026-07-26T07:34:11.631069Z
1287,11301,5,27,16,26,MEDIUM,9.0,2026-07-26T07:34:11.631069Z
1287,11301,5,55,16,25,MEDIUM,12.0,2026-07-26T07:34:11.631069Z
1287,11301,2,30,4,4,MEDIUM,0.0,2026-07-26T07:34:11.631069Z
1287,11301,6,5,15,24,MEDIUM,9.0,2026-07-26T07:34:11.631069Z
1287,11301,4,18,12,16,MEDIUM,6.0,2026-07-26T07:34:11.631069Z
1287,11301,7,16,24,25,SOFT,5.0,2026-07-26T07:34:11.631069Z
1287,11301,4,14,13,17,SOFT,5.0,2026-07-26T07:34:11.631069Z
1287,11301,4,1,16,26,SOFT,12.0,2026-07-26T07:34:11.631069Z
1287,11301,5,81,12,20,MEDIUM,8.0,2026-07-26T07:34:11.631069Z
1287,11301,7,5,25,27,SOFT,5.0,2026-07-26T07:34:11.631069Z
1287,11301,6,43,16,30,MEDIUM,9.0,2026-07-26T07:34:11.631069Z
1287,11301,6,55,26,29,SOFT,3.0,2026-07-26T07:34:11.631069Z
1287,11301,5,6,24,30,SOFT,6.0,2026-07-26T07:34:11.631069Z
1287,11301,6,10,15,29,MEDIUM,9.0,2026-07-26T07:34:11.631069Z
1287,11301,4,23,19,29,SOFT,5.0,2026-07-26T07:34:11.631069Z
1287,11301,6,27,27,31,SOFT,0.0,2026-07-26T07:34:11.631069Z
1287,11301,6,11,29,34,SOFT,6.0,2026-07-26T07:34:11.631069Z
1287,11301,7,12,26,31,MEDIUM,0.0,2026-07-26T07:34:11.631069Z
1287,11301,5,41,11,29,MEDIUM,7.0,2026-07-26T07:34:11.631069Z
1287,11301,5,3,22,33,SOFT,3.0,2026-07-26T07:34:11.631069Z
1287,11301,3,30,5,8,SOFT,0.0,2026-07-26T07:34:11.631069Z
1287,11301,6,87,26,31,MEDIUM,10.0,2026-07-26T07:34:11.631069Z
1287,11301,5,63,22,28,SOFT,3.0,2026-07-26T07:34:11.631069Z
1287,11301,8,16,26,29,SOFT,7.0,2026-07-26T07:34:11.631069Z
1287,11301,5,31,13,29,MEDIUM,7.0,2026-07-26T07:34:11.631069Z
1287,11301,5,18,17,20,MEDIUM,11.0,2026-07-26T07:34:11.631069Z
1287,11301,5,14,18,21,MEDIUM,7.0,2026-07-26T07:34:11.631069Z
1287,11301,5,44,19,28,MEDIUM,11.0,2026-07-26T07:34:11.631069Z
1287,11301,5,1,27,30,MEDIUM,12.0,2026-07-26T07:34:11.631069Z
1287,11301,6,81,21,24,SOFT,3.0,2026-07-26T07:34:11.631069Z
1288,11309,1,23,1,1,MEDIUM,0.0,2026-07-26T07:35:03.303429Z
1288,11309,1,6,1,3,MEDIUM,0.0,2026-07-26T07:35:03.303429Z
1288,11309,1,11,1,2,MEDIUM,0.0,2026-07-26T07:35:03.303429Z
1288,11309,1,44,1,4,MEDIUM,0.0,2026-07-26T07:35:03.303429Z
1288,11309,1,12,1,3,MEDIUM,0.0,2026-07-26T07:35:03.303429Z
1288,11309,1,87,1,3,HARD,0.0,2026-07-26T07:35:03.303429Z
1288,11309,1,5,1,5,HARD,0.0,2026-07-26T07:35:03.303429Z
1288,11309,1,55,1,5,MEDIUM,0.0,2026-07-26T07:35:03.303429Z
1288,11309,1,10,1,6,MEDIUM,0.0,2026-07-26T07:35:03.303429Z
1288,11309,1,43,1,6,HARD,0.0,2026-07-26T07:35:03.303429Z
1288,11309,2,12,4,4,MEDIUM,3.0,2026-07-26T07:35:03.303429Z
1288,11309,1,1,1,6,MEDIUM,0.0,2026-07-26T07:35:03.303429Z
1288,11309,1,18,1,5,MEDIUM,0.0,2026-07-26T07:35:03.303429Z
1288,11309,1,27,1,7,HARD,0.0,2026-07-26T07:35:03.303429Z
1288,11309,1,30,1,6,MEDIUM,0.0,2026-07-26T07:35:03.303429Z
1288,11309,2,6,4,5,MEDIUM,3.0,2026-07-26T07:35:03.303429Z
1288,11309,2,1,7,7,MEDIUM,0.0,2026-07-26T07:35:03.303429Z
1288,11309,1,14,1,5,MEDIUM,0.0,2026-07-26T07:35:03.303429Z
1288,11309,1,3,1,5,MEDIUM,0.0,2026-07-26T07:35:03.303429Z
1288,11309,2,55,6,6,MEDIUM,5.0,2026-07-26T07:35:03.303429Z
1288,11309,2,23,2,5,MEDIUM,1.0,2026-07-26T07:35:03.303429Z
1288,11309,1,81,1,7,MEDIUM,0.0,2026-07-26T07:35:03.303429Z
1288,11309,1,16,1,10,MEDIUM,0.0,2026-07-26T07:35:03.303429Z
1288,11309,2,3,6,8,MEDIUM,5.0,2026-07-26T07:35:03.303429Z
1288,11309,3,12,5,10,MEDIUM,0.0,2026-07-26T07:35:03.303429Z
1288,11309,1,77,1,5,MEDIUM,0.0,2026-07-26T07:35:03.303429Z
1288,11309,2,27,8,10,HARD,0.0,2026-07-26T07:35:03.303429Z
1288,11309,2,18,6,12,MEDIUM,5.0,2026-07-26T07:35:03.303429Z
1288,11309,3,23,6,11,MEDIUM,0.0,2026-07-26T07:35:03.303429Z
1288,11309,2,87,4,11,HARD,3.0,2026-07-26T07:35:03.303429Z
1288,11309,2,10,7,11,MEDIUM,6.0,2026-07-26T07:35:03.303429Z
1288,11309,2,30,7,12,MEDIUM,6.0,2026-07-26T07:35:03.303429Z
1288,11309,2,81,8,10,MEDIUM,7.0,2026-07-26T07:35:03.303429Z
1288,11309,1,41,1,6,MEDIUM,0.0,2026-07-26T07:35:03.303429Z
1288,11309,2,44,5,13,MEDIUM,4.0,2026-07-26T07:35:03.303429Z
1288,11309,3,1,8,11,MEDIUM,7.0,2026-07-26T07:35:03.303429Z
1288,11309,4,23,12,14,SOFT,0.0,2026-07-26T07:35:03.303429Z
1288,11309,4,12,11,13,MEDIUM,0.0,2026-07-26T07:35:03.303429Z
1288,11309,1,31,1,13,HARD,0.0,2026-07-26T07:35:03.303429Z
1288,11309,1,63,1,7,MEDIUM,0.0,2026-07-26T07:35:03.303429Z
1288,11309,2,16,11,15,MEDIUM,10.0,2026-07-26T07:35:03.303429Z
1288,11309,3,27,11,13,SOFT,0.0,2026-07-26T07:35:03.303429Z
1288,11309,3,10,12,14,SOFT,0.0,2026-07-26T07:35:03.303429Z
1288,11309,2,43,7,10,HARD,0.0,2026-07-26T07:35:03.303429Z
1288,11309,3,81,11,13,SOFT,0.0,2026-07-26T07:35:03.303429Z
1288,11309,3,6,6,12,MEDIUM,5.0,2026-07-26T07:35:03.303429Z
1288,11309,3,55,7,11,MEDIUM,6.0,2026-07-26T07:35:03.303429Z
1288,11309,2,14,6,11,MEDIUM,5.0,2026-07-26T07:35:03.303429Z
1288,11309,3,87,12,14,SOFT,0.0,2026-07-26T07:35:03.303429Z
1288,11309,4,1,12,14,SOFT,11.0,2026-07-26T07:35:03.303429Z
1288,11309,3,18,13,15,MEDIUM,12.0,2026-07-26T07:35:03.303429Z
1288,11309,5,12,14,16,SOFT,0.0,2026-07-26T07:35:03.303429Z
1288,11309,3,16,16,18,SOFT,0.0,2026-07-26T07:35:03.303429Z
1288,11309,2,31,14,16,SOFT,0.0,2026-07-26T07:35:03.303429Z
1288,11309,2,77,6,6,MEDIUM,0.0,2026-07-26T07:35:03.303429Z
1288,11309,3,3,9,12,MEDIUM,8.0,2026-07-26T07:35:03.303429Z
1288,11309,3,43,11,13,SOFT,0.0,2026-07-26T07:35:03.303429Z
1288,11309,3,14,12,14,SOFT,0.0,2026-07-26T07:35:03.303429Z
1288,11309,2,5,6,15,HARD,0.0,2026-07-26T07:35:03.303429Z
1288,11309,4,55,12,15,SOFT,0.0,2026-07-26T07:35:03.303429Z
1288,11309,4,18,16,18,SOFT,0.0,2026-07-26T07:35:03.303429Z
1288,11309,2,41,7,12,SOFT,0.0,2026-07-26T07:35:03.303429Z
1288,11309,5,23,15,17,SOFT,3.0,2026-07-26T07:35:03.303429Z
1288,11309,4,10,15,16,SOFT,3.0,2026-07-26T07:35:03.303429Z
1288,11309,4,27,14,16,SOFT,0.0,2026-07-26T07:35:03.303429Z
1288,11309,4,87,15,17,SOFT,3.0,2026-07-26T07:35:03.303429Z
1288,11309,3,30,13,18,SOFT,0.0,2026-07-26T07:35:03.303429Z
1288,11309,4,81,14,16,SOFT,3.0,2026-07-26T07:35:03.303429Z
1288,11309,6,23,18,18,SOFT,6.0,2026-07-26T07:35:03.303429Z
1288,11309,3,44,14,19,SOFT,0.0,2026-07-26T07:35:03.303429Z
1288,11309,5,1,15,17,SOFT,3.0,2026-07-26T07:35:03.303429Z
1288,11309,3,31,17,19,SOFT,3.0,2026-07-26T07:35:03.303429Z
1288,11309,4,3,13,15,SOFT,0.0,2026-07-26T07:35:03.303429Z
1288,11309,6,12,17,19,SOFT,3.0,2026-07-26T07:35:03.303429Z
1288,11309,4,43,14,16,SOFT,3.0,2026-07-26T07:35:03.303429Z
1288,11309,4,16,19,22,SOFT,3.0,2026-07-26T07:35:03.303429Z
1288,11309,5,55,16,18,SOFT,4.0,2026-07-26T07:35:03.303429Z
1288,11309,3,5,16,18,SOFT,0.0,2026-07-26T07:35:03.303429Z
1288,11309,4,14,15,16,SOFT,3.0,2026-07-26T07:35:03.303429Z
1288,11309,2,63,8,14,SOFT,0.0,2026-07-26T07:35:03.303429Z
1288,11309,5,18,19,21,SOFT,3.0,2026-07-26T07:35:03.303429Z
1288,11309,4,6,13,18,SOFT,0.0,2026-07-26T07:35:03.303429Z
1288,11309,5,27,17,26,HARD,10.0,2026-07-26T07:35:03.303429Z
1288,11309,5,87,18,27,SOFT,6.0,2026-07-26T07:35:03.303429Z
1288,11309,4,44,20,28,MEDIUM,13.0,2026-07-26T07:35:03.303429Z
1288,11309,6,1,18,28,MEDIUM,11.0,2026-07-26T07:35:03.303429Z
1288,11309,7,12,20,28,MEDIUM,0.0,2026-07-26T07:35:03.303429Z
1288,11309,3,63,15,21,MEDIUM,7.0,2026-07-26T07:35:03.303429Z
1288,11309,5,81,17,28,MEDIUM,10.0,2026-07-26T07:35:03.303429Z
1288,11309,3,41,13,29,MEDIUM,6.0,2026-07-26T07:35:03.303429Z
1288,11309,6,87,28,33,HARD,11.0,2026-07-26T07:35:03.303429Z
1288,11309,4,5,19,30,HARD,15.0,2026-07-26T07:35:03.303429Z
1288,11309,6,27,27,32,SOFT,0.0,2026-07-26T07:35:03.303429Z
1288,11309,7,1,29,32,SOFT,6.0,2026-07-26T07:35:03.303429Z
1288,11309,6,55,19,30,MEDIUM,11.0,2026-07-26T07:35:03.303429Z
1288,11309,8,12,29,32,SOFT,6.0,2026-07-26T07:35:03.303429Z
1288,11309,5,14,17,27,SOFT,5.0,2026-07-26T07:35:03.303429Z
1288,11309,4,30,19,34,MEDIUM,12.0,2026-07-26T07:35:03.303429Z
1288,11309,5,10,17,33,MEDIUM,0.0,2026-07-26T07:35:03.303429Z
1288,11309,4,31,20,33,HARD,13.0,2026-07-26T07:35:03.303429Z
1288,11309,4,63,22,25,SOFT,7.0,2026-07-26T07:35:03.303429Z
1288,11309,6,18,22,32,SOFT,6.0,2026-07-26T07:35:03.303429Z
1288,11309,5,6,19,28,MEDIUM,12.0,2026-07-26T07:35:03.303429Z
1288,11309,5,44,29,33,SOFT,6.0,2026-07-26T07:35:03.303429Z
1288,11309,6,81,29,32,SOFT,6.0,2026-07-26T07:35:03.303429Z
1288,11309,7,23,19,34,MEDIUM,11.0,2026-07-26T07:35:03.303429Z
1288,11309,5,3,16,29,MEDIUM,12.0,2026-07-26T07:35:03.303429Z
1288,11309,5,16,23,35,MEDIUM,15.0,2026-07-26T07:35:03.303429Z
1288,11309,5,43,17,30,HARD,10.0,2026-07-26T07:35:03.303429Z
1288,11310,1,11,1,7,MEDIUM,1.0,2026-07-26T07:35:06.646234Z
1288,11310,1,43,1,3,SOFT,0.0,2026-07-26T07:35:06.646234Z
1288,11310,1,27,1,3,SOFT,0.0,2026-07-26T07:35:06.646234Z
1288,11310,1,77,1,3,SOFT,0.0,2026-07-26T07:35:06.646234Z
1288,11310,1,55,1,3,SOFT,0.0,2026-07-26T07:35:06.646234Z
1288,11310,1,16,1,3,SOFT,0.0,2026-07-26T07:35:06.646234Z
1288,11310,1,23,1,3,SOFT,0.0,2026-07-26T07:35:06.646234Z
1288,11310,1,31,1,3,SOFT,0.0,2026-07-26T07:35:06.646234Z
1288,11310,1,5,1,3,SOFT,0.0,2026-07-26T07:35:06.646234Z
1288,11310,2,27,4,6,SOFT,3.0,2026-07-26T07:35:06.646234Z
1288,11310,1,87,1,4,SOFT,0.0,2026-07-26T07:35:06.646234Z
1288,11310,1,3,1,3,SOFT,0.0,2026-07-26T07:35:06.646234Z
1288,11310,2,43,4,4,SOFT,3.0,2026-07-26T07:35:06.646234Z
1288,11310,2,55,4,6,SOFT,3.0,2026-07-26T07:35:06.646234Z
1288,11310,1,1,1,3,SOFT,0.0,2026-07-26T07:35:06.646234Z
1288,11310,2,11,8,10,MEDIUM,8.0,2026-07-26T07:35:06.646234Z
1288,11310,1,10,1,3,SOFT,0.0,2026-07-26T07:35:06.646234Z
1288,11310,1,81,1,3,SOFT,0.0,2026-07-26T07:35:06.646234Z
1288,11310,1,44,1,7,SOFT,0.0,2026-07-26T07:35:06.646234Z
1288,11310,1,6,1,6,HARD,0.0,2026-07-26T07:35:06.646234Z
1288,11310,1,12,1,3,SOFT,0.0,2026-07-26T07:35:06.646234Z
1288,11310,2,3,4,6,SOFT,0.0,2026-07-26T07:35:06.646234Z
1288,11310,2,31,4,6,SOFT,3.0,2026-07-26T07:35:06.646234Z
1288,11310,2,16,4,7,SOFT,3.0,2026-07-26T07:35:06.646234Z
1288,11310,1,18,1,7,MEDIUM,0.0,2026-07-26T07:35:06.646234Z
1288,11310,2,23,4,6,SOFT,3.0,2026-07-26T07:35:06.646234Z
1288,11310,1,30,1,3,SOFT,0.0,2026-07-26T07:35:06.646234Z
1288,11310,2,5,4,6,SOFT,3.0,2026-07-26T07:35:06.646234Z
1288,11310,2,1,4,7,SOFT,3.0,2026-07-26T07:35:06.646234Z
1288,11310,1,41,1,6,SOFT,0.0,2026-07-26T07:35:06.646234Z
1288,11310,2,81,4,6,SOFT,3.0,2026-07-26T07:35:06.646234Z
1288,11310,3,55,7,9,SOFT,6.0,2026-07-26T07:35:06.646234Z
1288,11310,3,43,5,7,SOFT,4.0,2026-07-26T07:35:06.646234Z
1288,11310,3,16,8,10,SOFT,7.0,2026-07-26T07:35:06.646234Z
1288,11310,2,10,4,6,SOFT,3.0,2026-07-26T07:35:06.646234Z
1288,11310,2,87,5,7,SOFT,4.0,2026-07-26T07:35:06.646234Z
1288,11310,2,77,4,8,SOFT,3.0,2026-07-26T07:35:06.646234Z
1288,11310,1,14,1,8,MEDIUM,0.0,2026-07-26T07:35:06.646234Z
1288,11310,3,5,7,9,SOFT,6.0,2026-07-26T07:35:06.646234Z
1288,11310,2,14,9,10,MEDIUM,8.0,2026-07-26T07:35:06.646234Z
1288,11310,2,12,4,6,SOFT,3.0,2026-07-26T07:35:06.646234Z
1288,11310,3,27,7,13,SOFT,6.0,2026-07-26T07:35:06.646234Z
1288,11310,3,3,7,9,SOFT,0.0,2026-07-26T07:35:06.646234Z
1288,11310,3,23,7,15,SOFT,0.0,2026-07-26T07:35:06.646234Z
1288,11310,3,1,8,10,SOFT,7.0,2026-07-26T07:35:06.646234Z
1288,11310,2,44,8,10,SOFT,0.0,2026-07-26T07:35:06.646234Z
1288,11310,3,10,7,9,SOFT,6.0,2026-07-26T07:35:06.646234Z
1288,11310,1,63,1,9,SOFT,0.0,2026-07-26T07:35:06.646234Z
1288,11310,4,16,11,12,SOFT,0.0,2026-07-26T07:35:06.646234Z
1288,11310,3,81,7,8,SOFT,0.0,2026-07-26T07:35:06.646234Z
1288,11310,2,6,7,15,HARD,6.0,2026-07-26T07:35:06.646234Z
1288,11310,2,30,4,11,SOFT,3.0,2026-07-26T07:35:06.646234Z
1288,11310,2,18,8,11,MEDIUM,7.0,2026-07-26T07:35:06.646234Z
1288,11310,4,43,8,10,SOFT,7.0,2026-07-26T07:35:06.646234Z
1288,11310,2,41,7,14,SOFT,6.0,2026-07-26T07:35:06.646234Z
1288,11310,5,16,13,14,SOFT,0.0,2026-07-26T07:35:06.646234Z
1288,11310,4,5,10,14,SOFT,9.0,2026-07-26T07:35:06.646234Z
1288,11310,4,1,11,13,SOFT,0.0,2026-07-26T07:35:06.646234Z
1288,11310,3,87,8,11,SOFT,7.0,2026-07-26T07:35:06.646234Z
1288,11310,4,23,16,16,SOFT,15.0,2026-07-26T07:35:06.646234Z
1288,11310,3,11,11,21,MEDIUM,11.0,2026-07-26T07:35:06.646234Z
1288,11310,4,81,9,11,SOFT,0.0,2026-07-26T07:35:06.646234Z
1288,11310,3,6,16,18,SOFT,0.0,2026-07-26T07:35:06.646234Z
1288,11310,4,55,10,19,SOFT,9.0,2026-07-26T07:35:06.646234Z
1288,11310,3,18,12,14,SOFT,0.0,2026-07-26T07:35:06.646234Z
1288,11310,4,27,14,16,SOFT,0.0,2026-07-26T07:35:06.646234Z
1288,11310,3,14,11,13,MEDIUM,10.0,2026-07-26T07:35:06.646234Z
1288,11310,6,16,15,16,SOFT,0.0,2026-07-26T07:35:06.646234Z
1288,11310,3,12,7,9,SOFT,0.0,2026-07-26T07:35:06.646234Z
1288,11310,2,63,10,12,SOFT,0.0,2026-07-26T07:35:06.646234Z
1288,11310,3,30,12,14,SOFT,0.0,2026-07-26T07:35:06.646234Z
1288,11310,5,1,14,16,SOFT,3.0,2026-07-26T07:35:06.646234Z
1288,11310,3,41,15,17,SOFT,0.0,2026-07-26T07:35:06.646234Z
1288,11310,3,77,9,17,SOFT,8.0,2026-07-26T07:35:06.646234Z
1288,11310,3,31,7,9,SOFT,6.0,2026-07-26T07:35:06.646234Z
1288,11310,5,23,17,19,SOFT,0.0,2026-07-26T07:35:06.646234Z
1288,11310,5,55,20,22,SOFT,0.0,2026-07-26T07:35:06.646234Z
1288,11310,4,87,12,14,SOFT,0.0,2026-07-26T07:35:06.646234Z
1288,11310,4,14,14,16,SOFT,0.0,2026-07-26T07:35:06.646234Z
1288,11310,3,44,11,17,SOFT,0.0,2026-07-26T07:35:06.646234Z
1288,11310,5,5,15,17,SOFT,0.0,2026-07-26T07:35:06.646234Z
1288,11310,7,16,17,19,SOFT,4.0,2026-07-26T07:35:06.646234Z
1288,11310,4,12,10,12,SOFT,3.0,2026-07-26T07:35:06.646234Z
1288,11310,5,43,11,13,SOFT,0.0,2026-07-26T07:35:06.646234Z
1288,11310,4,10,10,12,SOFT,0.0,2026-07-26T07:35:06.646234Z
1288,11310,4,3,10,12,SOFT,0.0,2026-07-26T07:35:06.646234Z
1288,11310,4,18,15,19,SOFT,3.0,2026-07-26T07:35:06.646234Z
1288,11310,4,30,15,17,SOFT,3.0,2026-07-26T07:35:06.646234Z
1288,11310,4,41,18,20,SOFT,3.0,2026-07-26T07:35:06.646234Z
1288,11310,3,63,13,16,SOFT,3.0,2026-07-26T07:35:06.646234Z
1288,11310,6,1,17,17,SOFT,0.0,2026-07-26T07:35:06.646234Z
1288,11310,5,81,12,14,SOFT,3.0,2026-07-26T07:35:06.646234Z
1288,11310,5,27,17,19,SOFT,3.0,2026-07-26T07:35:06.646234Z
1288,11310,6,23,20,22,SOFT,3.0,2026-07-26T07:35:06.646234Z
1288,11310,5,12,13,14,SOFT,6.0,2026-07-26T07:35:06.646234Z
1288,11310,5,14,17,21,SOFT,3.0,2026-07-26T07:35:06.646234Z
1288,11310,4,11,22,29,SOFT,0.0,2026-07-26T07:35:06.646234Z
1288,11310,6,55,23,27,SOFT,3.0,2026-07-26T07:35:06.646234Z
1288,11310,4,63,17,19,SOFT,0.0,2026-07-26T07:35:06.646234Z
1288,11310,5,10,13,16,SOFT,3.0,2026-07-26T07:35:06.646234Z
1288,11310,5,41,21,24,SOFT,6.0,2026-07-26T07:35:06.646234Z
1288,11310,4,31,10,15,SOFT,0.0,2026-07-26T07:35:06.646234Z
1288,11310,5,30,18,21,SOFT,11.0,2026-07-26T07:35:06.646234Z
1288,11310,4,77,18,24,SOFT,0.0,2026-07-26T07:35:06.646234Z
1288,11310,5,3,13,16,SOFT,0.0,2026-07-26T07:35:06.646234Z
1288,11310,6,5,18,22,SOFT,3.0,2026-07-26T07:35:06.646234Z
1288,11310,7,1,18,20,SOFT,0.0,2026-07-26T07:35:06.646234Z
1288,11310,5,87,15,19,SOFT,3.0,2026-07-26T07:35:06.646234Z
1288,11310,4,44,18,22,SOFT,7.0,2026-07-26T07:35:06.646234Z
1288,11310,6,81,15,17,SOFT,8.0,2026-07-26T07:35:06.646234Z
1288,11310,6,27,20,22,SOFT,6.0,2026-07-26T07:35:06.646234Z
1288,11310,7,23,23,25,SOFT,6.0,2026-07-26T07:35:06.646234Z
1288,11310,6,12,15,17,SOFT,8.0,2026-07-26T07:35:06.646234Z
1288,11310,8,16,20,24,SOFT,0.0,2026-07-26T07:35:06.646234Z
1288,11310,6,43,14,18,SOFT,3.0,2026-07-26T07:35:06.646234Z
1288,11310,4,6,19,27,SOFT,3.0,2026-07-26T07:35:06.646234Z
1288,11311,1,31,1,3,SOFT,0.0,2026-07-26T07:35:09.990291Z
1288,11311,1,63,1,3,SOFT,0.0,2026-07-26T07:35:09.990291Z
1288,11311,1,55,1,3,SOFT,0.0,2026-07-26T07:35:09.990291Z
1288,11311,1,23,1,3,SOFT,0.0,2026-07-26T07:35:09.990291Z
1288,11311,1,11,1,3,SOFT,0.0,2026-07-26T07:35:09.990291Z
1288,11311,1,14,1,3,SOFT,0.0,2026-07-26T07:35:09.990291Z
1288,11311,1,77,1,3,SOFT,0.0,2026-07-26T07:35:09.990291Z
1288,11311,1,18,1,3,SOFT,0.0,2026-07-26T07:35:09.990291Z
1288,11311,1,27,1,3,SOFT,0.0,2026-07-26T07:35:09.990291Z
1288,11311,1,6,1,3,SOFT,0.0,2026-07-26T07:35:09.990291Z
1288,11311,1,81,1,3,SOFT,0.0,2026-07-26T07:35:09.990291Z
1288,11311,1,43,1,3,SOFT,0.0,2026-07-26T07:35:09.990291Z
1288,11311,1,10,1,3,SOFT,0.0,2026-07-26T07:35:09.990291Z
1288,11311,2,31,4,6,SOFT,0.0,2026-07-26T07:35:09.990291Z
1288,11311,1,87,1,3,SOFT,0.0,2026-07-26T07:35:09.990291Z
1288,11311,2,55,4,6,SOFT,0.0,2026-07-26T07:35:09.990291Z
1288,11311,2,23,4,6,SOFT,0.0,2026-07-26T07:35:09.990291Z
1288,11311,1,41,1,3,SOFT,0.0,2026-07-26T07:35:09.990291Z
1288,11311,1,30,1,3,SOFT,0.0,2026-07-26T07:35:09.990291Z
1288,11311,2,18,4,6,SOFT,0.0,2026-07-26T07:35:09.990291Z
1288,11311,1,5,1,3,SOFT,0.0,2026-07-26T07:35:09.990291Z
1288,11311,2,14,4,6,SOFT,0.0,2026-07-26T07:35:09.990291Z
1288,11311,2,27,4,6,SOFT,3.0,2026-07-26T07:35:09.990291Z
1288,11311,1,12,1,3,SOFT,0.0,2026-07-26T07:35:09.990291Z
1288,11311,2,63,4,6,SOFT,3.0,2026-07-26T07:35:09.990291Z
1288,11311,2,77,4,6,SOFT,0.0,2026-07-26T07:35:09.990291Z
1288,11311,2,11,4,6,SOFT,0.0,2026-07-26T07:35:09.990291Z
1288,11311,3,18,7,8,SOFT,0.0,2026-07-26T07:35:09.990291Z
1288,11311,3,55,7,9,SOFT,0.0,2026-07-26T07:35:09.990291Z
1288,11311,3,23,7,9,SOFT,0.0,2026-07-26T07:35:09.990291Z
1288,11311,3,14,7,9,SOFT,0.0,2026-07-26T07:35:09.990291Z
1288,11311,3,11,7,9,SOFT,0.0,2026-07-26T07:35:09.990291Z
1288,11311,3,77,7,9,SOFT,0.0,2026-07-26T07:35:09.990291Z
1288,11311,1,1,1,3,SOFT,0.0,2026-07-26T07:35:09.990291Z
1288,11311,1,3,1,3,SOFT,0.0,2026-07-26T07:35:09.990291Z
1288,11311,2,6,4,6,SOFT,3.0,2026-07-26T07:35:09.990291Z
1288,11311,1,16,1,3,SOFT,0.0,2026-07-26T07:35:09.990291Z
1288,11311,2,30,4,6,SOFT,0.0,2026-07-26T07:35:09.990291Z
1288,11311,1,44,1,3,SOFT,0.0,2026-07-26T07:35:09.990291Z
1288,11311,2,41,4,6,SOFT,0.0,2026-07-26T07:35:09.990291Z
1288,11311,3,31,7,9,SOFT,0.0,2026-07-26T07:35:09.990291Z
1288,11311,2,87,4,6,SOFT,0.0,2026-07-26T07:35:09.990291Z
1288,11311,2,43,4,6,SOFT,0.0,2026-07-26T07:35:09.990291Z
1288,11311,2,10,4,6,SOFT,3.0,2026-07-26T07:35:09.990291Z
1288,11311,3,27,7,9,SOFT,0.0,2026-07-26T07:35:09.990291Z
1288,11311,2,5,4,6,SOFT,0.0,2026-07-26T07:35:09.990291Z
1288,11311,2,12,4,5,SOFT,3.0,2026-07-26T07:35:09.990291Z
1288,11311,2,81,4,5,SOFT,3.0,2026-07-26T07:35:09.990291Z
1288,11311,3,63,7,9,SOFT,6.0,2026-07-26T07:35:09.990291Z
1288,11311,2,1,4,6,SOFT,3.0,2026-07-26T07:35:09.990291Z
1288,11311,4,63,10,11,SOFT,0.0,2026-07-26T07:35:09.990291Z
1288,11311,2,16,4,6,SOFT,0.0,2026-07-26T07:35:09.990291Z
1288,11311,2,44,4,6,SOFT,0.0,2026-07-26T07:35:09.990291Z
1288,11311,3,30,7,9,SOFT,3.0,2026-07-26T07:35:09.990291Z
1288,11311,3,6,7,9,SOFT,0.0,2026-07-26T07:35:09.990291Z
1288,11311,3,41,7,9,SOFT,3.0,2026-07-26T07:35:09.990291Z
1288,11311,4,31,10,12,SOFT,3.0,2026-07-26T07:35:09.990291Z
1288,11311,3,87,7,9,SOFT,3.0,2026-07-26T07:35:09.990291Z
1288,11311,4,27,10,12,SOFT,3.0,2026-07-26T07:35:09.990291Z
1288,11311,3,5,7,9,SOFT,3.0,2026-07-26T07:35:09.990291Z
1288,11311,3,10,7,9,SOFT,0.0,2026-07-26T07:35:09.990291Z
1288,11311,3,43,7,9,SOFT,3.0,2026-07-26T07:35:09.990291Z
1288,11311,3,12,6,8,SOFT,0.0,2026-07-26T07:35:09.990291Z
1288,11311,4,43,10,11,SOFT,0.0,2026-07-26T07:35:09.990291Z
1288,11311,5,31,13,15,SOFT,0.0,2026-07-26T07:35:09.990291Z
1288,11311,4,87,10,12,SOFT,0.0,2026-07-26T07:35:09.990291Z
1288,11311,5,27,13,15,SOFT,0.0,2026-07-26T07:35:09.990291Z
1288,11311,4,5,10,12,SOFT,0.0,2026-07-26T07:35:09.990291Z
1288,11311,4,10,10,12,SOFT,0.0,2026-07-26T07:35:09.990291Z
1288,11311,3,1,7,9,SOFT,0.0,2026-07-26T07:35:09.990291Z
1288,11311,4,6,10,12,SOFT,0.0,2026-07-26T07:35:09.990291Z
1288,11311,2,3,4,6,SOFT,3.0,2026-07-26T07:35:09.990291Z
1288,11311,3,81,6,8,SOFT,0.0,2026-07-26T07:35:09.990291Z
1288,11311,4,41,10,12,SOFT,0.0,2026-07-26T07:35:09.990291Z
1288,11311,3,16,7,9,SOFT,3.0,2026-07-26T07:35:09.990291Z
1288,11311,3,44,7,9,SOFT,0.0,2026-07-26T07:35:09.990291Z
1288,11311,4,30,10,12,SOFT,0.0,2026-07-26T07:35:09.990291Z
1288,11311,4,12,9,11,SOFT,0.0,2026-07-26T07:35:09.990291Z
1288,11311,5,63,12,14,SOFT,2.0,2026-07-26T07:35:09.990291Z
1288,11311,5,6,13,15,SOFT,3.0,2026-07-26T07:35:09.990291Z
1288,11311,4,44,10,11,SOFT,0.0,2026-07-26T07:35:09.990291Z
1288,11311,5,30,13,15,SOFT,3.0,2026-07-26T07:35:09.990291Z
1288,11311,4,16,10,12,SOFT,0.0,2026-07-26T07:35:09.990291Z
1288,11311,4,1,10,12,SOFT,0.0,2026-07-26T07:35:09.990291Z
1288,11311,4,81,9,11,SOFT,0.0,2026-07-26T07:35:09.990291Z
1288,11311,5,41,13,15,SOFT,3.0,2026-07-26T07:35:09.990291Z
1288,11311,3,3,7,9,SOFT,0.0,2026-07-26T07:35:09.990291Z
1288,11311,5,12,12,14,SOFT,0.0,2026-07-26T07:35:09.990291Z
1288,11311,6,63,15,17,SOFT,0.0,2026-07-26T07:35:09.990291Z
1288,11311,4,3,10,11,SOFT,0.0,2026-07-26T07:35:09.990291Z
1288,11311,6,6,16,18,SOFT,0.0,2026-07-26T07:35:09.990291Z
1288,11311,5,44,12,14,SOFT,0.0,2026-07-26T07:35:09.990291Z
1288,11311,6,30,16,18,SOFT,0.0,2026-07-26T07:35:09.990291Z
1288,11311,5,16,13,15,SOFT,0.0,2026-07-26T07:35:09.990291Z
1288,11311,5,1,13,15,SOFT,0.0,2026-07-26T07:35:09.990291Z
1288,11311,5,81,12,14,SOFT,0.0,2026-07-26T07:35:09.990291Z
1288,11311,6,41,16,18,SOFT,0.0,2026-07-26T07:35:09.990291Z
1288,11311,6,12,15,17,SOFT,0.0,2026-07-26T07:35:09.990291Z
1288,11311,7,63,18,20,SOFT,0.0,2026-07-26T07:35:09.990291Z
1289,11321,1,30,1,17,MEDIUM,3.0,2026-07-26T07:36:06.725952Z
1289,11321,1,44,1,17,MEDIUM,0.0,2026-07-26T07:36:06.725952Z
1289,11321,1,12,1,17,MEDIUM,0.0,2026-07-26T07:36:06.725952Z
1289,11321,1,63,1,17,MEDIUM,0.0,2026-07-26T07:36:06.725952Z
1289,11321,1,1,1,17,MEDIUM,0.0,2026-07-26T07:36:06.725952Z
1289,11321,1,81,1,17,MEDIUM,0.0,2026-07-26T07:36:06.725952Z
1289,11321,1,3,1,17,MEDIUM,3.0,2026-07-26T07:36:06.725952Z
1289,11321,1,16,1,17,MEDIUM,0.0,2026-07-26T07:36:06.725952Z
1289,11321,1,10,1,17,MEDIUM,3.0,2026-07-26T07:36:06.725952Z
1289,11321,1,41,1,17,MEDIUM,3.0,2026-07-26T07:36:06.725952Z
1289,11321,1,43,1,17,MEDIUM,3.0,2026-07-26T07:36:06.725952Z
1289,11321,1,87,1,17,MEDIUM,0.0,2026-07-26T07:36:06.725952Z
1289,11321,1,6,1,17,MEDIUM,5.0,2026-07-26T07:36:06.725952Z
1289,11321,1,27,1,17,MEDIUM,6.0,2026-07-26T07:36:06.725952Z
1289,11321,1,31,1,17,MEDIUM,0.0,2026-07-26T07:36:06.725952Z
1289,11321,1,5,1,17,MEDIUM,6.0,2026-07-26T07:36:06.725952Z
1289,11321,1,55,1,17,MEDIUM,0.0,2026-07-26T07:36:06.725952Z
1289,11321,1,14,1,17,SOFT,0.0,2026-07-26T07:36:06.725952Z
1289,11321,2,11,3,16,MEDIUM,2.0,2026-07-26T07:36:06.725952Z
1289,11321,2,18,15,16,MEDIUM,5.0,2026-07-26T07:36:06.725952Z
1289,11321,1,77,1,17,SOFT,0.0,2026-07-26T07:36:06.725952Z
1289,11321,1,23,1,17,MEDIUM,0.0,2026-07-26T07:36:06.725952Z
1289,11322,1,30,1,3,SOFT,3.0,2026-07-26T07:36:10.485239Z
1289,11322,1,14,1,2,SOFT,0.0,2026-07-26T07:36:10.485239Z
1289,11322,1,18,1,3,SOFT,0.0,2026-07-26T07:36:10.485239Z
1289,11322,1,77,1,2,SOFT,0.0,2026-07-26T07:36:10.485239Z
1289,11322,1,23,1,2,SOFT,0.0,2026-07-26T07:36:10.485239Z
1289,11322,1,87,1,3,SOFT,0.0,2026-07-26T07:36:10.485239Z
1289,11322,1,41,1,2,SOFT,3.0,2026-07-26T07:36:10.485239Z
1289,11322,1,27,1,3,MEDIUM,6.0,2026-07-26T07:36:10.485239Z
1289,11322,1,31,1,3,SOFT,0.0,2026-07-26T07:36:10.485239Z
1289,11322,1,11,1,3,SOFT,0.0,2026-07-26T07:36:10.485239Z
1289,11322,1,55,1,3,SOFT,6.0,2026-07-26T07:36:10.485239Z
1289,11322,1,63,1,2,SOFT,3.0,2026-07-26T07:36:10.485239Z
1289,11322,1,81,1,3,SOFT,3.0,2026-07-26T07:36:10.485239Z
1289,11322,1,12,1,3,SOFT,3.0,2026-07-26T07:36:10.485239Z
1289,11322,1,3,1,3,SOFT,3.0,2026-07-26T07:36:10.485239Z
1289,11322,1,6,1,3,SOFT,3.0,2026-07-26T07:36:10.485239Z
1289,11322,1,10,1,3,SOFT,0.0,2026-07-26T07:36:10.485239Z
1289,11322,1,43,1,3,SOFT,0.0,2026-07-26T07:36:10.485239Z
1289,11322,2,31,4,6,SOFT,0.0,2026-07-26T07:36:10.485239Z
1289,11322,2,77,3,5,SOFT,0.0,2026-07-26T07:36:10.485239Z
1289,11322,2,87,4,6,SOFT,0.0,2026-07-26T07:36:10.485239Z
1289,11322,2,18,4,6,SOFT,0.0,2026-07-26T07:36:10.485239Z
1289,11322,1,1,1,3,SOFT,3.0,2026-07-26T07:36:10.485239Z
1289,11322,2,23,3,5,SOFT,0.0,2026-07-26T07:36:10.485239Z
1289,11322,2,55,4,6,SOFT,0.0,2026-07-26T07:36:10.485239Z
1289,11322,2,41,3,5,SOFT,0.0,2026-07-26T07:36:10.485239Z
1289,11322,2,30,4,6,SOFT,0.0,2026-07-26T07:36:10.485239Z
1289,11322,2,27,4,6,SOFT,0.0,2026-07-26T07:36:10.485239Z
1289,11322,2,14,3,6,SOFT,0.0,2026-07-26T07:36:10.485239Z
1289,11322,1,5,1,1,MEDIUM,8.0,2026-07-26T07:36:10.485239Z
1289,11322,2,11,4,6,SOFT,0.0,2026-07-26T07:36:10.485239Z
1289,11322,2,43,4,5,SOFT,0.0,2026-07-26T07:36:10.485239Z
1289,11322,3,31,7,9,SOFT,0.0,2026-07-26T07:36:10.485239Z
1289,11322,3,77,6,8,SOFT,0.0,2026-07-26T07:36:10.485239Z
1289,11322,3,18,7,9,SOFT,0.0,2026-07-26T07:36:10.485239Z
1289,11322,3,23,6,8,SOFT,0.0,2026-07-26T07:36:10.485239Z
1289,11322,3,14,7,9,SOFT,0.0,2026-07-26T07:36:10.485239Z
1289,11322,3,11,7,9,SOFT,0.0,2026-07-26T07:36:10.485239Z
1289,11322,2,3,4,6,SOFT,0.0,2026-07-26T07:36:10.485239Z
1289,11322,2,6,4,6,SOFT,0.0,2026-07-26T07:36:10.485239Z
1289,11322,3,55,7,9,SOFT,0.0,2026-07-26T07:36:10.485239Z
1289,11322,1,16,1,6,SOFT,3.0,2026-07-26T07:36:10.485239Z
1289,11322,3,41,6,8,SOFT,0.0,2026-07-26T07:36:10.485239Z
1289,11322,1,44,1,5,SOFT,3.0,2026-07-26T07:36:10.485239Z
1289,11322,3,30,7,9,SOFT,0.0,2026-07-26T07:36:10.485239Z
1289,11322,2,81,4,6,SOFT,0.0,2026-07-26T07:36:10.485239Z
1289,11322,3,27,7,9,SOFT,0.0,2026-07-26T07:36:10.485239Z
1289,11322,2,5,2,4,SOFT,0.0,2026-07-26T07:36:10.485239Z
1289,11322,2,12,4,6,SOFT,0.0,2026-07-26T07:36:10.485239Z
1289,11322,2,63,3,5,SOFT,0.0,2026-07-26T07:36:10.485239Z
1289,11322,3,87,7,9,SOFT,0.0,2026-07-26T07:36:10.485239Z
1289,11322,2,1,4,5,SOFT,0.0,2026-07-26T07:36:10.485239Z
1289,11322,2,10,4,6,SOFT,0.0,2026-07-26T07:36:10.485239Z
1289,11322,3,3,7,9,SOFT,0.0,2026-07-26T07:36:10.485239Z
1289,11322,3,6,7,9,SOFT,3.0,2026-07-26T07:36:10.485239Z
1289,11322,3,81,7,9,SOFT,3.0,2026-07-26T07:36:10.485239Z
1289,11322,4,41,9,11,SOFT,0.0,2026-07-26T07:36:10.485239Z
1289,11322,3,1,6,8,SOFT,2.0,2026-07-26T07:36:10.485239Z
1289,11322,4,30,10,12,SOFT,0.0,2026-07-26T07:36:10.485239Z
1289,11322,2,16,7,9,SOFT,0.0,2026-07-26T07:36:10.485239Z
1289,11322,2,44,6,8,SOFT,0.0,2026-07-26T07:36:10.485239Z
1289,11322,4,87,10,12,SOFT,0.0,2026-07-26T07:36:10.485239Z
1289,11322,4,55,10,12,SOFT,0.0,2026-07-26T07:36:10.485239Z
1289,11322,3,5,5,7,SOFT,0.0,2026-07-26T07:36:10.485239Z
1289,11322,4,23,9,11,SOFT,0.0,2026-07-26T07:36:10.485239Z
1289,11322,4,27,10,12,SOFT,0.0,2026-07-26T07:36:10.485239Z
1289,11322,3,12,7,10,SOFT,0.0,2026-07-26T07:36:10.485239Z
1289,11322,3,10,7,9,SOFT,0.0,2026-07-26T07:36:10.485239Z
1289,11322,3,63,6,8,SOFT,0.0,2026-07-26T07:36:10.485239Z
1289,11322,5,87,13,15,SOFT,0.0,2026-07-26T07:36:10.485239Z
1289,11322,5,55,13,15,SOFT,0.0,2026-07-26T07:36:10.485239Z
1289,11322,4,5,8,10,SOFT,0.0,2026-07-26T07:36:10.485239Z
1289,11322,5,23,12,14,SOFT,0.0,2026-07-26T07:36:10.485239Z
1289,11322,5,27,13,15,SOFT,0.0,2026-07-26T07:36:10.485239Z
1289,11322,4,10,10,12,SOFT,0.0,2026-07-26T07:36:10.485239Z
1289,11322,4,81,10,12,SOFT,0.0,2026-07-26T07:36:10.485239Z
1289,11322,5,30,13,15,SOFT,0.0,2026-07-26T07:36:10.485239Z
1289,11322,4,1,9,11,SOFT,0.0,2026-07-26T07:36:10.485239Z
1289,11322,4,3,10,12,SOFT,0.0,2026-07-26T07:36:10.485239Z
1289,11322,3,16,10,12,SOFT,0.0,2026-07-26T07:36:10.485239Z
1289,11322,3,44,9,11,SOFT,0.0,2026-07-26T07:36:10.485239Z
1289,11322,4,6,10,12,SOFT,0.0,2026-07-26T07:36:10.485239Z
1289,11322,4,12,11,13,SOFT,0.0,2026-07-26T07:36:10.485239Z
1289,11322,4,63,9,11,SOFT,3.0,2026-07-26T07:36:10.485239Z
1289,11322,5,1,12,14,SOFT,0.0,2026-07-26T07:36:10.485239Z
1289,11322,5,12,14,16,SOFT,0.0,2026-07-26T07:36:10.485239Z
1289,11322,5,41,12,14,SOFT,0.0,2026-07-26T07:36:10.485239Z
1289,11322,5,81,13,15,SOFT,0.0,2026-07-26T07:36:10.485239Z
1289,11322,6,30,16,17,SOFT,3.0,2026-07-26T07:36:10.485239Z
1289,11322,5,63,12,14,SOFT,0.0,2026-07-26T07:36:10.485239Z
1289,11322,5,3,13,15,SOFT,0.0,2026-07-26T07:36:10.485239Z
1289,11322,4,16,13,15,SOFT,0.0,2026-07-26T07:36:10.485239Z
1289,11322,4,44,12,14,SOFT,0.0,2026-07-26T07:36:10.485239Z
1289,11322,5,6,13,15,SOFT,0.0,2026-07-26T07:36:10.485239Z
1289,11322,6,12,17,19,SOFT,0.0,2026-07-26T07:36:10.485239Z
1289,11322,6,1,15,17,SOFT,0.0,2026-07-26T07:36:10.485239Z
1289,11322,6,41,15,17,SOFT,0.0,2026-07-26T07:36:10.485239Z
1289,11322,6,81,16,18,SOFT,0.0,2026-07-26T07:36:10.485239Z
1289,11322,7,30,18,20,SOFT,0.0,2026-07-26T07:36:10.485239Z
1289,11322,6,63,15,17,SOFT,0.0,2026-07-26T07:36:10.485239Z
1289,11322,6,3,16,18,SOFT,0.0,2026-07-26T07:36:10.485239Z
1289,11322,5,16,16,18,SOFT,0.0,2026-07-26T07:36:10.485239Z
1289,11322,5,44,15,17,SOFT,0.0,2026-07-26T07:36:10.485239Z
1289,11322,6,6,16,18,SOFT,0.0,2026-07-26T07:36:10.485239Z
1290,11329,1,87,1,3,SOFT,0.0,2026-07-26T07:37:10.051851Z
1290,11329,1,5,1,3,SOFT,0.0,2026-07-26T07:37:10.051851Z
1290,11329,1,27,1,5,SOFT,0.0,2026-07-26T07:37:10.051851Z
1290,11329,1,30,1,6,SOFT,0.0,2026-07-26T07:37:10.051851Z
1290,11329,1,41,1,6,SOFT,0.0,2026-07-26T07:37:10.051851Z
1290,11329,1,6,1,6,MEDIUM,0.0,2026-07-26T07:37:10.051851Z
1290,11329,1,11,1,7,SOFT,0.0,2026-07-26T07:37:10.051851Z
1290,11329,1,31,1,5,SOFT,0.0,2026-07-26T07:37:10.051851Z
1290,11329,1,81,1,5,SOFT,0.0,2026-07-26T07:37:10.051851Z
1290,11329,2,87,4,6,SOFT,0.0,2026-07-26T07:37:10.051851Z
1290,11329,2,5,4,6,SOFT,3.0,2026-07-26T07:37:10.051851Z
1290,11329,2,6,7,7,SOFT,0.0,2026-07-26T07:37:10.051851Z
1290,11329,1,43,1,5,MEDIUM,0.0,2026-07-26T07:37:10.051851Z
1290,11329,1,23,1,5,SOFT,0.0,2026-07-26T07:37:10.051851Z
1290,11329,1,44,1,5,SOFT,0.0,2026-07-26T07:37:10.051851Z
1290,11329,1,10,1,7,MEDIUM,0.0,2026-07-26T07:37:10.051851Z
1290,11329,1,14,1,5,SOFT,0.0,2026-07-26T07:37:10.051851Z
1290,11329,1,18,1,5,SOFT,0.0,2026-07-26T07:37:10.051851Z
1290,11329,1,55,1,5,SOFT,0.0,2026-07-26T07:37:10.051851Z
1290,11329,1,77,1,7,SOFT,0.0,2026-07-26T07:37:10.051851Z
1290,11329,1,63,1,3,SOFT,0.0,2026-07-26T07:37:10.051851Z
1290,11329,1,12,1,3,SOFT,0.0,2026-07-26T07:37:10.051851Z
1290,11329,2,30,7,14,SOFT,6.0,2026-07-26T07:37:10.051851Z
1290,11329,2,41,7,14,SOFT,6.0,2026-07-26T07:37:10.051851Z
1290,11329,1,3,1,6,SOFT,0.0,2026-07-26T07:37:10.051851Z
1290,11329,2,27,6,11,SOFT,5.0,2026-07-26T07:37:10.051851Z
1290,11329,2,63,4,6,SOFT,3.0,2026-07-26T07:37:10.051851Z
1290,11329,2,81,6,12,SOFT,5.0,2026-07-26T07:37:10.051851Z
1290,11329,1,1,1,13,MEDIUM,0.0,2026-07-26T07:37:10.051851Z
1290,11329,1,16,1,7,SOFT,0.0,2026-07-26T07:37:10.051851Z
1290,11329,2,12,4,6,SOFT,3.0,2026-07-26T07:37:10.051851Z
1290,11329,2,23,6,12,SOFT,5.0,2026-07-26T07:37:10.051851Z
1290,11329,3,41,15,15,SOFT,0.0,2026-07-26T07:37:10.051851Z
1290,11329,2,14,6,9,SOFT,0.0,2026-07-26T07:37:10.051851Z
1290,11329,3,30,15,15,SOFT,0.0,2026-07-26T07:37:10.051851Z
1290,11329,2,18,6,9,SOFT,0.0,2026-07-26T07:37:10.051851Z
1290,11329,2,31,6,14,SOFT,5.0,2026-07-26T07:37:10.051851Z
1290,11329,3,87,7,15,SOFT,6.0,2026-07-26T07:37:10.051851Z
1290,11329,2,44,6,12,SOFT,5.0,2026-07-26T07:37:10.051851Z
1290,11329,3,27,12,14,SOFT,0.0,2026-07-26T07:37:10.051851Z
1290,11329,3,5,7,11,SOFT,6.0,2026-07-26T07:37:10.051851Z
1290,11329,2,11,8,14,SOFT,7.0,2026-07-26T07:37:10.051851Z
1290,11329,2,16,8,10,SOFT,7.0,2026-07-26T07:37:10.051851Z
1290,11329,2,55,6,13,SOFT,5.0,2026-07-26T07:37:10.051851Z
1290,11329,2,10,8,15,MEDIUM,7.0,2026-07-26T07:37:10.051851Z
1290,11329,2,43,6,14,MEDIUM,5.0,2026-07-26T07:37:10.051851Z
1290,11329,2,77,8,15,SOFT,7.0,2026-07-26T07:37:10.051851Z
1290,11329,3,63,7,9,SOFT,0.0,2026-07-26T07:37:10.051851Z
1290,11329,4,30,16,18,SOFT,0.0,2026-07-26T07:37:10.051851Z
1290,11329,4,41,16,18,SOFT,0.0,2026-07-26T07:37:10.051851Z
1290,11329,2,3,7,9,SOFT,0.0,2026-07-26T07:37:10.051851Z
1290,11329,4,63,10,12,SOFT,3.0,2026-07-26T07:37:10.051851Z
1290,11329,3,23,13,15,SOFT,0.0,2026-07-26T07:37:10.051851Z
1290,11329,4,5,12,14,SOFT,0.0,2026-07-26T07:37:10.051851Z
1290,11329,3,18,10,15,SOFT,0.0,2026-07-26T07:37:10.051851Z
1290,11329,4,27,15,17,SOFT,0.0,2026-07-26T07:37:10.051851Z
1290,11329,3,44,13,17,SOFT,0.0,2026-07-26T07:37:10.051851Z
1290,11329,3,81,13,17,SOFT,0.0,2026-07-26T07:37:10.051851Z
1290,11329,3,14,10,14,SOFT,0.0,2026-07-26T07:37:10.051851Z
1290,11329,2,1,14,18,SOFT,0.0,2026-07-26T07:37:10.051851Z
1290,11329,3,12,7,10,SOFT,0.0,2026-07-26T07:37:10.051851Z
1290,11329,4,6,9,11,MEDIUM,0.0,2026-07-26T07:37:10.051851Z
1290,11329,3,10,16,21,SOFT,0.0,2026-07-26T07:37:10.051851Z
1290,11329,5,6,12,19,MEDIUM,6.0,2026-07-26T07:37:10.051851Z
1290,11329,3,43,15,20,SOFT,0.0,2026-07-26T07:37:10.051851Z
1290,11329,3,11,15,21,SOFT,0.0,2026-07-26T07:37:10.051851Z
1290,11329,4,23,16,19,SOFT,3.0,2026-07-26T07:37:10.051851Z
1290,11329,5,27,18,20,SOFT,6.0,2026-07-26T07:37:10.051851Z
1290,11329,5,5,15,18,SOFT,3.0,2026-07-26T07:37:10.051851Z
1290,11329,4,81,18,20,SOFT,0.0,2026-07-26T07:37:10.051851Z
1290,11329,5,30,19,23,SOFT,0.0,2026-07-26T07:37:10.051851Z
1290,11329,3,6,8,8,MEDIUM,0.0,2026-07-26T07:37:10.051851Z
1290,11329,3,31,15,22,SOFT,0.0,2026-07-26T07:37:10.051851Z
1290,11329,5,41,19,23,SOFT,3.0,2026-07-26T07:37:10.051851Z
1290,11329,3,1,19,21,SOFT,0.0,2026-07-26T07:37:10.051851Z
1290,11329,3,16,11,17,SOFT,0.0,2026-07-26T07:37:10.051851Z
1290,11329,3,77,16,22,SOFT,0.0,2026-07-26T07:37:10.051851Z
1290,11329,4,14,15,17,SOFT,5.0,2026-07-26T07:37:10.051851Z
1290,11329,4,87,16,23,SOFT,0.0,2026-07-26T07:37:10.051851Z
1290,11329,4,12,11,13,SOFT,0.0,2026-07-26T07:37:10.051851Z
1290,11329,3,3,10,14,SOFT,3.0,2026-07-26T07:37:10.051851Z
1290,11329,3,55,14,20,SOFT,0.0,2026-07-26T07:37:10.051851Z
1291,11336,1,30,1,3,HARD,0.0,2026-07-26T07:38:04.243514Z
1291,11336,1,63,1,3,MEDIUM,0.0,2026-07-26T07:38:04.243514Z
1291,11336,1,87,1,3,MEDIUM,0.0,2026-07-26T07:38:04.243514Z
1291,11336,1,5,1,5,HARD,0.0,2026-07-26T07:38:04.243514Z
1291,11336,1,12,1,5,MEDIUM,0.0,2026-07-26T07:38:04.243514Z
1291,11336,1,81,1,7,MEDIUM,0.0,2026-07-26T07:38:04.243514Z
1291,11336,1,31,1,6,MEDIUM,0.0,2026-07-26T07:38:04.243514Z
1291,11336,2,5,6,8,HARD,0.0,2026-07-26T07:38:04.243514Z
1291,11336,2,12,6,8,MEDIUM,5.0,2026-07-26T07:38:04.243514Z
1291,11336,1,1,1,6,MEDIUM,0.0,2026-07-26T07:38:04.243514Z
1291,11336,1,27,1,9,HARD,0.0,2026-07-26T07:38:04.243514Z
1291,11336,1,3,1,5,MEDIUM,0.0,2026-07-26T07:38:04.243514Z
1291,11336,2,30,4,9,HARD,3.0,2026-07-26T07:38:04.243514Z
1291,11336,1,6,1,5,MEDIUM,0.0,2026-07-26T07:38:04.243514Z
1291,11336,1,41,1,9,HARD,0.0,2026-07-26T07:38:04.243514Z
1291,11336,1,11,1,8,MEDIUM,0.0,2026-07-26T07:38:04.243514Z
1291,11336,1,55,1,10,HARD,0.0,2026-07-26T07:38:04.243514Z
1291,11336,1,23,1,12,HARD,0.0,2026-07-26T07:38:04.243514Z
1291,11336,2,63,4,8,MEDIUM,3.0,2026-07-26T07:38:04.243514Z
1291,11336,1,43,1,9,MEDIUM,0.0,2026-07-26T07:38:04.243514Z
1291,11336,1,10,1,6,MEDIUM,0.0,2026-07-26T07:38:04.243514Z
1291,11336,2,81,8,10,MEDIUM,7.0,2026-07-26T07:38:04.243514Z
1291,11336,3,12,9,11,MEDIUM,8.0,2026-07-26T07:38:04.243514Z
1291,11336,1,44,1,9,MEDIUM,0.0,2026-07-26T07:38:04.243514Z
1291,11336,1,16,1,11,MEDIUM,0.0,2026-07-26T07:38:04.243514Z
1291,11336,1,14,1,8,MEDIUM,0.0,2026-07-26T07:38:04.243514Z
1291,11336,2,87,4,10,MEDIUM,0.0,2026-07-26T07:38:04.243514Z
1291,11336,2,27,10,12,SOFT,0.0,2026-07-26T07:38:04.243514Z
1291,11336,2,43,10,11,SOFT,0.0,2026-07-26T07:38:04.243514Z
1291,11336,3,5,9,10,HARD,8.0,2026-07-26T07:38:04.243514Z
1291,11336,1,77,1,13,MEDIUM,0.0,2026-07-26T07:38:04.243514Z
1291,11336,2,14,9,9,SOFT,0.0,2026-07-26T07:38:04.243514Z
1291,11336,4,12,12,13,SOFT,0.0,2026-07-26T07:38:04.243514Z
1291,11336,2,41,10,12,SOFT,0.0,2026-07-26T07:38:04.243514Z
1291,11336,3,30,10,12,SOFT,0.0,2026-07-26T07:38:04.243514Z
1291,11336,3,27,13,13,SOFT,3.0,2026-07-26T07:38:04.243514Z
1291,11336,2,10,7,8,MEDIUM,6.0,2026-07-26T07:38:04.243514Z
1291,11336,3,63,9,11,SOFT,0.0,2026-07-26T07:38:04.243514Z
1291,11336,3,81,11,12,SOFT,0.0,2026-07-26T07:38:04.243514Z
1291,11336,2,11,9,11,SOFT,0.0,2026-07-26T07:38:04.243514Z
1291,11336,2,16,12,13,SOFT,0.0,2026-07-26T07:38:04.243514Z
1291,11336,2,31,7,9,MEDIUM,6.0,2026-07-26T07:38:04.243514Z
1291,11336,2,1,7,10,SOFT,0.0,2026-07-26T07:38:04.243514Z
1291,11336,3,87,11,11,MEDIUM,0.0,2026-07-26T07:38:04.243514Z
1291,11336,2,44,10,10,SOFT,0.0,2026-07-26T07:38:04.243514Z
1291,11336,2,23,13,15,SOFT,0.0,2026-07-26T07:38:04.243514Z
1291,11336,2,55,11,13,SOFT,0.0,2026-07-26T07:38:04.243514Z
1291,11336,2,3,6,8,SOFT,0.0,2026-07-26T07:38:04.243514Z
1291,11336,2,77,14,16,SOFT,0.0,2026-07-26T07:38:04.243514Z
1291,11336,4,5,11,14,SOFT,0.0,2026-07-26T07:38:04.243514Z
1291,11336,5,12,14,15,SOFT,0.0,2026-07-26T07:38:04.243514Z
1291,11336,4,30,13,15,SOFT,3.0,2026-07-26T07:38:04.243514Z
1291,11336,3,31,10,12,SOFT,0.0,2026-07-26T07:38:04.243514Z
1291,11336,3,41,13,15,SOFT,3.0,2026-07-26T07:38:04.243514Z
1291,11336,4,27,14,16,SOFT,4.0,2026-07-26T07:38:04.243514Z
1291,11336,2,6,6,9,SOFT,0.0,2026-07-26T07:38:04.243514Z
1291,11336,3,11,12,14,SOFT,3.0,2026-07-26T07:38:04.243514Z
1291,11336,3,16,14,17,SOFT,2.0,2026-07-26T07:38:04.243514Z
1291,11336,4,81,13,16,SOFT,0.0,2026-07-26T07:38:04.243514Z
1291,11336,4,87,12,16,SOFT,0.0,2026-07-26T07:38:04.243514Z
1291,11336,6,12,16,18,MEDIUM,11.0,2026-07-26T07:38:04.243514Z
1291,11336,3,77,17,19,SOFT,3.0,2026-07-26T07:38:04.243514Z
1291,11336,3,10,9,14,SOFT,0.0,2026-07-26T07:38:04.243514Z
1291,11336,5,5,15,17,SOFT,4.0,2026-07-26T07:38:04.243514Z
1291,11336,3,44,11,16,SOFT,1.0,2026-07-26T07:38:04.243514Z
1291,11336,3,14,10,15,SOFT,1.0,2026-07-26T07:38:04.243514Z
1291,11336,3,3,9,17,MEDIUM,5.0,2026-07-26T07:38:04.243514Z
1291,11336,3,6,10,12,SOFT,0.0,2026-07-26T07:38:04.243514Z
1291,11336,3,1,11,23,MEDIUM,4.0,2026-07-26T07:38:04.243514Z
1291,11336,5,27,17,25,SOFT,0.0,2026-07-26T07:38:04.243514Z
1291,11336,3,55,14,27,HARD,10.0,2026-07-26T07:38:04.243514Z
1291,11336,3,23,16,29,HARD,12.0,2026-07-26T07:38:04.243514Z
1291,11336,4,63,12,26,MEDIUM,0.0,2026-07-26T07:38:04.243514Z
1291,11336,5,30,16,29,HARD,9.0,2026-07-26T07:38:04.243514Z
1291,11336,4,14,16,24,SOFT,0.0,2026-07-26T07:38:04.243514Z
1291,11336,4,55,28,31,SOFT,5.0,2026-07-26T07:38:04.243514Z
1291,11336,4,23,30,33,SOFT,3.0,2026-07-26T07:38:04.243514Z
1291,11336,4,31,13,26,MEDIUM,9.0,2026-07-26T07:38:04.243514Z
1291,11336,4,10,15,24,MEDIUM,8.0,2026-07-26T07:38:04.243514Z
1291,11336,4,1,24,30,SOFT,4.0,2026-07-26T07:38:04.243514Z
1291,11336,7,12,19,30,SOFT,4.0,2026-07-26T07:38:04.243514Z
1291,11336,6,27,26,30,HARD,0.0,2026-07-26T07:38:04.243514Z
1291,11336,5,81,17,28,MEDIUM,10.0,2026-07-26T07:38:04.243514Z
1291,11336,4,41,16,29,HARD,9.0,2026-07-26T07:38:04.243514Z
1291,11336,6,5,18,27,HARD,10.0,2026-07-26T07:38:04.243514Z
1291,11336,5,63,27,30,SOFT,3.0,2026-07-26T07:38:04.243514Z
1291,11336,5,87,17,28,MEDIUM,11.0,2026-07-26T07:38:04.243514Z
1291,11336,4,44,17,26,MEDIUM,9.0,2026-07-26T07:38:04.243514Z
1291,11336,4,3,18,27,SOFT,3.0,2026-07-26T07:38:04.243514Z
1291,11336,4,77,20,31,MEDIUM,13.0,2026-07-26T07:38:04.243514Z
1291,11336,4,11,15,28,MEDIUM,8.0,2026-07-26T07:38:04.243514Z
1291,11336,4,16,18,30,SOFT,6.0,2026-07-26T07:38:04.243514Z
1291,11336,4,6,13,20,MEDIUM,5.0,2026-07-26T07:38:04.243514Z
1291,11337,1,77,1,3,SOFT,0.0,2026-07-26T07:38:07.546914Z
1291,11337,1,27,1,3,MEDIUM,0.0,2026-07-26T07:38:07.546914Z
1291,11337,1,11,1,1,SOFT,0.0,2026-07-26T07:38:07.546914Z
1291,11337,1,16,1,3,SOFT,0.0,2026-07-26T07:38:07.546914Z
1291,11337,1,5,1,3,MEDIUM,0.0,2026-07-26T07:38:07.546914Z
1291,11337,1,10,1,1,SOFT,0.0,2026-07-26T07:38:07.546914Z
1291,11337,1,1,1,3,SOFT,0.0,2026-07-26T07:38:07.546914Z
1291,11337,1,18,1,7,MEDIUM,0.0,2026-07-26T07:38:07.546914Z
1291,11337,1,30,1,4,MEDIUM,0.0,2026-07-26T07:38:07.546914Z
1291,11337,2,5,4,4,MEDIUM,0.0,2026-07-26T07:38:07.546914Z
1291,11337,1,23,1,2,SOFT,0.0,2026-07-26T07:38:07.546914Z
1291,11337,2,16,4,4,SOFT,3.0,2026-07-26T07:38:07.546914Z
1291,11337,1,44,1,3,SOFT,0.0,2026-07-26T07:38:07.546914Z
1291,11337,1,6,1,3,SOFT,0.0,2026-07-26T07:38:07.546914Z
1291,11337,2,27,4,6,MEDIUM,0.0,2026-07-26T07:38:07.546914Z
1291,11337,1,81,1,5,SOFT,0.0,2026-07-26T07:38:07.546914Z
1291,11337,1,14,1,4,MEDIUM,0.0,2026-07-26T07:38:07.546914Z
1291,11337,1,43,1,10,SOFT,0.0,2026-07-26T07:38:07.546914Z
1291,11337,2,77,4,5,SOFT,3.0,2026-07-26T07:38:07.546914Z
1291,11337,3,16,5,7,SOFT,4.0,2026-07-26T07:38:07.546914Z
1291,11337,2,23,3,5,SOFT,2.0,2026-07-26T07:38:07.546914Z
1291,11337,1,55,1,3,SOFT,0.0,2026-07-26T07:38:07.546914Z
1291,11337,1,63,1,4,SOFT,0.0,2026-07-26T07:38:07.546914Z
1291,11337,1,12,1,4,SOFT,0.0,2026-07-26T07:38:07.546914Z
1291,11337,3,5,5,8,MEDIUM,4.0,2026-07-26T07:38:07.546914Z
1291,11337,2,44,4,7,SOFT,3.0,2026-07-26T07:38:07.546914Z
1291,11337,2,30,5,9,MEDIUM,4.0,2026-07-26T07:38:07.546914Z
1291,11337,3,77,6,8,SOFT,0.0,2026-07-26T07:38:07.546914Z
1291,11337,2,55,4,7,SOFT,3.0,2026-07-26T07:38:07.546914Z
1291,11337,2,63,5,6,SOFT,4.0,2026-07-26T07:38:07.546914Z
1291,11337,2,12,5,7,SOFT,4.0,2026-07-26T07:38:07.546914Z
1291,11337,2,81,6,11,SOFT,5.0,2026-07-26T07:38:07.546914Z
1291,11337,2,1,4,10,SOFT,3.0,2026-07-26T07:38:07.546914Z
1291,11337,2,6,4,8,SOFT,0.0,2026-07-26T07:38:07.546914Z
1291,11337,3,23,6,7,SOFT,5.0,2026-07-26T07:38:07.546914Z
1291,11337,1,3,1,5,SOFT,0.0,2026-07-26T07:38:07.546914Z
1291,11337,2,14,5,9,MEDIUM,4.0,2026-07-26T07:38:07.546914Z
1291,11337,2,18,8,10,MEDIUM,7.0,2026-07-26T07:38:07.546914Z
1291,11337,3,55,8,10,SOFT,7.0,2026-07-26T07:38:07.546914Z
1291,11337,3,27,7,15,MEDIUM,6.0,2026-07-26T07:38:07.546914Z
1291,11337,4,5,9,13,MEDIUM,0.0,2026-07-26T07:38:07.546914Z
1291,11337,4,16,8,14,SOFT,7.0,2026-07-26T07:38:07.546914Z
1291,11337,3,44,8,13,SOFT,0.0,2026-07-26T07:38:07.546914Z
1291,11337,3,30,10,15,MEDIUM,0.0,2026-07-26T07:38:07.546914Z
1291,11337,1,87,1,6,SOFT,0.0,2026-07-26T07:38:07.546914Z
1291,11337,2,10,2,11,SOFT,0.0,2026-07-26T07:38:07.546914Z
1291,11337,1,31,1,10,SOFT,0.0,2026-07-26T07:38:07.546914Z
1291,11337,2,43,11,23,SOFT,10.0,2026-07-26T07:38:07.546914Z
1291,11337,4,27,16,18,SOFT,0.0,2026-07-26T07:38:07.546914Z
1291,11337,3,12,8,10,SOFT,0.0,2026-07-26T07:38:07.546914Z
1291,11337,5,5,14,16,SOFT,0.0,2026-07-26T07:38:07.546914Z
1291,11337,3,6,9,10,SOFT,0.0,2026-07-26T07:38:07.546914Z
1291,11337,3,14,10,13,SOFT,0.0,2026-07-26T07:38:07.546914Z
1291,11337,3,18,11,14,SOFT,0.0,2026-07-26T07:38:07.546914Z
1291,11337,4,44,14,16,SOFT,0.0,2026-07-26T07:38:07.546914Z
1291,11337,2,3,6,8,SOFT,0.0,2026-07-26T07:38:07.546914Z
1291,11337,4,55,11,11,SOFT,10.0,2026-07-26T07:38:07.546914Z
1291,11337,2,87,7,9,SOFT,0.0,2026-07-26T07:38:07.546914Z
1291,11337,2,31,11,13,SOFT,0.0,2026-07-26T07:38:07.546914Z
1291,11337,4,77,9,11,SOFT,3.0,2026-07-26T07:38:07.546914Z
1291,11337,4,30,16,18,SOFT,0.0,2026-07-26T07:38:07.546914Z
1291,11337,4,14,14,17,SOFT,4.0,2026-07-26T07:38:07.546914Z
1291,11337,6,5,17,19,SOFT,3.0,2026-07-26T07:38:07.546914Z
1291,11337,3,81,12,19,SOFT,0.0,2026-07-26T07:38:07.546914Z
1291,11337,3,1,11,17,SOFT,0.0,2026-07-26T07:38:07.546914Z
1291,11337,5,27,19,21,SOFT,3.0,2026-07-26T07:38:07.546914Z
1291,11337,3,63,7,15,SOFT,0.0,2026-07-26T07:38:07.546914Z
1291,11337,4,12,11,13,SOFT,3.0,2026-07-26T07:38:07.546914Z
1291,11337,4,23,8,10,SOFT,0.0,2026-07-26T07:38:07.546914Z
1291,11337,4,18,15,20,SOFT,4.0,2026-07-26T07:38:07.546914Z
1291,11337,5,77,12,15,SOFT,6.0,2026-07-26T07:38:07.546914Z
1291,11337,4,6,11,17,SOFT,2.0,2026-07-26T07:38:07.546914Z
1291,11337,7,5,20,22,SOFT,6.0,2026-07-26T07:38:07.546914Z
1291,11337,5,16,15,24,SOFT,0.0,2026-07-26T07:38:07.546914Z
1291,11337,3,87,10,14,SOFT,0.0,2026-07-26T07:38:07.546914Z
1291,11337,5,44,17,22,SOFT,3.0,2026-07-26T07:38:07.546914Z
1291,11337,4,1,18,20,SOFT,7.0,2026-07-26T07:38:07.546914Z
1291,11337,3,43,24,30,SOFT,0.0,2026-07-26T07:38:07.546914Z
1291,11337,4,81,20,22,SOFT,11.0,2026-07-26T07:38:07.546914Z
1291,11337,5,55,12,17,SOFT,0.0,2026-07-26T07:38:07.546914Z
1291,11337,1,41,1,6,SOFT,0.0,2026-07-26T07:38:07.546914Z
1291,11337,3,3,9,14,SOFT,3.0,2026-07-26T07:38:07.546914Z
1291,11337,6,27,22,24,SOFT,6.0,2026-07-26T07:38:07.546914Z
1291,11337,5,23,11,13,SOFT,3.0,2026-07-26T07:38:07.546914Z
1291,11337,3,31,14,18,SOFT,3.0,2026-07-26T07:38:07.546914Z
1291,11337,3,10,12,20,SOFT,0.0,2026-07-26T07:38:07.546914Z
1291,11337,5,30,19,23,SOFT,3.0,2026-07-26T07:38:07.546914Z
1291,11337,4,63,16,18,SOFT,6.0,2026-07-26T07:38:07.546914Z
1291,11337,5,12,14,16,SOFT,7.0,2026-07-26T07:38:07.546914Z
1291,11338,1,55,1,3,SOFT,0.0,2026-07-26T07:38:10.882787Z
1291,11338,1,23,1,3,SOFT,0.0,2026-07-26T07:38:10.882787Z
1291,11338,1,18,1,3,SOFT,0.0,2026-07-26T07:38:10.882787Z
1291,11338,1,14,1,3,SOFT,0.0,2026-07-26T07:38:10.882787Z
1291,11338,1,77,1,4,SOFT,0.0,2026-07-26T07:38:10.882787Z
1291,11338,1,11,1,3,SOFT,0.0,2026-07-26T07:38:10.882787Z
1291,11338,1,3,1,3,SOFT,0.0,2026-07-26T07:38:10.882787Z
1291,11338,1,12,1,4,SOFT,0.0,2026-07-26T07:38:10.882787Z
1291,11338,1,63,1,4,SOFT,0.0,2026-07-26T07:38:10.882787Z
1291,11338,2,55,4,6,SOFT,0.0,2026-07-26T07:38:10.882787Z
1291,11338,2,23,4,6,SOFT,0.0,2026-07-26T07:38:10.882787Z
1291,11338,1,16,1,5,MEDIUM,0.0,2026-07-26T07:38:10.882787Z
1291,11338,1,5,1,3,SOFT,0.0,2026-07-26T07:38:10.882787Z
1291,11338,1,31,1,3,SOFT,0.0,2026-07-26T07:38:10.882787Z
1291,11338,1,87,1,3,SOFT,0.0,2026-07-26T07:38:10.882787Z
1291,11338,1,41,1,3,SOFT,0.0,2026-07-26T07:38:10.882787Z
1291,11338,1,30,1,3,SOFT,0.0,2026-07-26T07:38:10.882787Z
1291,11338,1,27,1,3,SOFT,0.0,2026-07-26T07:38:10.882787Z
1291,11338,2,18,4,6,SOFT,0.0,2026-07-26T07:38:10.882787Z
1291,11338,2,77,5,7,SOFT,0.0,2026-07-26T07:38:10.882787Z
1291,11338,2,11,4,6,SOFT,0.0,2026-07-26T07:38:10.882787Z
1291,11338,2,14,4,6,SOFT,0.0,2026-07-26T07:38:10.882787Z
1291,11338,1,10,1,3,SOFT,0.0,2026-07-26T07:38:10.882787Z
1291,11338,1,43,1,3,SOFT,0.0,2026-07-26T07:38:10.882787Z
1291,11338,3,18,7,8,SOFT,0.0,2026-07-26T07:38:10.882787Z
1291,11338,3,55,7,9,SOFT,0.0,2026-07-26T07:38:10.882787Z
1291,11338,3,23,7,9,SOFT,0.0,2026-07-26T07:38:10.882787Z
1291,11338,2,87,4,6,SOFT,0.0,2026-07-26T07:38:10.882787Z
1291,11338,3,77,8,10,SOFT,0.0,2026-07-26T07:38:10.882787Z
1291,11338,3,11,7,9,SOFT,0.0,2026-07-26T07:38:10.882787Z
1291,11338,3,14,7,9,SOFT,0.0,2026-07-26T07:38:10.882787Z
1291,11338,2,3,4,6,SOFT,3.0,2026-07-26T07:38:10.882787Z
1291,11338,2,12,5,7,SOFT,4.0,2026-07-26T07:38:10.882787Z
1291,11338,2,63,5,7,SOFT,4.0,2026-07-26T07:38:10.882787Z
1291,11338,2,27,4,6,SOFT,0.0,2026-07-26T07:38:10.882787Z
1291,11338,1,6,1,3,SOFT,0.0,2026-07-26T07:38:10.882787Z
1291,11338,2,16,6,8,MEDIUM,5.0,2026-07-26T07:38:10.882787Z
1291,11338,2,5,4,6,SOFT,0.0,2026-07-26T07:38:10.882787Z
1291,11338,1,1,1,4,SOFT,0.0,2026-07-26T07:38:10.882787Z
1291,11338,2,30,4,6,SOFT,3.0,2026-07-26T07:38:10.882787Z
1291,11338,2,41,4,6,SOFT,3.0,2026-07-26T07:38:10.882787Z
1291,11338,1,81,1,4,SOFT,0.0,2026-07-26T07:38:10.882787Z
1291,11338,2,31,4,6,SOFT,0.0,2026-07-26T07:38:10.882787Z
1291,11338,2,10,4,6,SOFT,0.0,2026-07-26T07:38:10.882787Z
1291,11338,2,43,4,6,SOFT,0.0,2026-07-26T07:38:10.882787Z
1291,11338,1,44,1,3,MEDIUM,0.0,2026-07-26T07:38:10.882787Z
1291,11338,4,14,10,12,SOFT,3.0,2026-07-26T07:38:10.882787Z
1291,11338,2,6,4,5,SOFT,0.0,2026-07-26T07:38:10.882787Z
1291,11338,3,3,7,9,SOFT,0.0,2026-07-26T07:38:10.882787Z
1291,11338,5,14,13,15,SOFT,0.0,2026-07-26T07:38:10.882787Z
1291,11338,3,63,8,11,SOFT,0.0,2026-07-26T07:38:10.882787Z
1291,11338,2,81,5,7,SOFT,4.0,2026-07-26T07:38:10.882787Z
1291,11338,3,5,7,8,SOFT,0.0,2026-07-26T07:38:10.882787Z
1291,11338,3,27,7,9,SOFT,0.0,2026-07-26T07:38:10.882787Z
1291,11338,3,30,7,9,SOFT,0.0,2026-07-26T07:38:10.882787Z
1291,11338,2,1,5,7,SOFT,4.0,2026-07-26T07:38:10.882787Z
1291,11338,3,12,8,11,SOFT,0.0,2026-07-26T07:38:10.882787Z
1291,11338,3,41,7,9,SOFT,0.0,2026-07-26T07:38:10.882787Z
1291,11338,3,31,7,9,SOFT,3.0,2026-07-26T07:38:10.882787Z
1291,11338,3,10,7,9,SOFT,3.0,2026-07-26T07:38:10.882787Z
1291,11338,3,43,7,9,SOFT,3.0,2026-07-26T07:38:10.882787Z
1291,11338,3,16,9,11,SOFT,0.0,2026-07-26T07:38:10.882787Z
1291,11338,2,44,4,6,SOFT,0.0,2026-07-26T07:38:10.882787Z
1291,11338,4,5,9,11,SOFT,0.0,2026-07-26T07:38:10.882787Z
1291,11338,4,30,10,12,SOFT,0.0,2026-07-26T07:38:10.882787Z
1291,11338,4,31,10,12,SOFT,0.0,2026-07-26T07:38:10.882787Z
1291,11338,4,10,10,12,SOFT,0.0,2026-07-26T07:38:10.882787Z
1291,11338,4,43,10,12,SOFT,0.0,2026-07-26T07:38:10.882787Z
1291,11338,3,81,8,10,SOFT,0.0,2026-07-26T07:38:10.882787Z
1291,11338,4,3,10,12,SOFT,3.0,2026-07-26T07:38:10.882787Z
1291,11338,3,1,8,10,SOFT,0.0,2026-07-26T07:38:10.882787Z
1291,11338,3,6,6,8,SOFT,0.0,2026-07-26T07:38:10.882787Z
1291,11338,4,41,10,12,SOFT,0.0,2026-07-26T07:38:10.882787Z
1291,11338,4,27,10,12,SOFT,0.0,2026-07-26T07:38:10.882787Z
1291,11338,3,44,7,9,SOFT,3.0,2026-07-26T07:38:10.882787Z
1291,11338,4,16,12,14,SOFT,0.0,2026-07-26T07:38:10.882787Z
1291,11338,4,12,12,14,SOFT,4.0,2026-07-26T07:38:10.882787Z
1291,11338,4,63,12,14,SOFT,4.0,2026-07-26T07:38:10.882787Z
1291,11338,4,44,10,12,SOFT,0.0,2026-07-26T07:38:10.882787Z
1291,11338,5,16,15,17,SOFT,0.0,2026-07-26T07:38:10.882787Z
1291,11338,5,3,13,15,SOFT,0.0,2026-07-26T07:38:10.882787Z
1291,11338,5,12,15,17,SOFT,0.0,2026-07-26T07:38:10.882787Z
1291,11338,5,63,15,17,SOFT,0.0,2026-07-26T07:38:10.882787Z
1291,11338,5,41,13,15,SOFT,0.0,2026-07-26T07:38:10.882787Z
1291,11338,4,6,9,11,SOFT,3.0,2026-07-26T07:38:10.882787Z
1291,11338,5,27,13,15,SOFT,3.0,2026-07-26T07:38:10.882787Z
1291,11338,4,1,11,13,SOFT,0.0,2026-07-26T07:38:10.882787Z
1291,11338,4,81,11,13,SOFT,0.0,2026-07-26T07:38:10.882787Z
1291,11338,5,44,13,15,SOFT,0.0,2026-07-26T07:38:10.882787Z
1291,11338,5,81,14,15,SOFT,0.0,2026-07-26T07:38:10.882787Z
1291,11338,6,16,18,20,SOFT,0.0,2026-07-26T07:38:10.882787Z
1291,11338,6,12,18,20,SOFT,0.0,2026-07-26T07:38:10.882787Z
1291,11338,6,3,16,18,SOFT,0.0,2026-07-26T07:38:10.882787Z
1291,11338,6,63,18,20,SOFT,0.0,2026-07-26T07:38:10.882787Z
1291,11338,6,41,16,18,SOFT,0.0,2026-07-26T07:38:10.882787Z
1291,11338,5,6,12,14,SOFT,0.0,2026-07-26T07:38:10.882787Z
1291,11338,5,1,14,16,SOFT,0.0,2026-07-26T07:38:10.882787Z
1291,11338,6,27,16,18,SOFT,0.0,2026-07-26T07:38:10.882787Z
